FID	IID	SEX	AGE
3	1	2	64
4	2	2	29
5	3	1	64
6	4	2	21
7	5	2	38
8	6	1	-9
9	7	1	43
10	8	2	51
11	9	2	20
12	10	1	45
13	11	2	27
14	12	2	62
15	13	2	26
16	14	1	43
17	15	2	29
18	16	1	-9
19	17	1	-9
20	18	1	57
21	19	2	52
22	20	2	32
23	21	2	25
24	22	2	52
25	23	1	35
26	24	2	62
27	25	1	63
28	26	1	20
30	27	2	22
31	28	1	34
32	29	1	41
33	30	2	27
34	31	2	41
35	32	2	51
36	33	2	34
37	34	1	34
38	35	2	45
39	36	1	45
40	37	2	35
42	38	2	42
43	39	2	57
45	40	1	32
46	41	1	25
47	42	1	54
48	43	1	71
49	44	1	43
50	45	1	32
51	46	1	31
52	47	2	43
53	48	2	27
54	49	1	25
55	50	1	22
56	51	2	38
57	52	1	73
58	53	1	36
59	54	1	21
60	55	1	26
62	56	1	29
63	57	1	75
65	58	1	71
66	59	1	50
67	60	2	30
68	61	1	52
69	62	2	31
70	63	1	32
72	64	2	-9
73	65	1	28
74	66	1	69
75	67	1	32
76	68	1	63
77	69	2	-9
78	70	2	52
79	71	2	53
80	72	1	35
82	73	1	50
83	74	2	37
84	75	1	44
85	76	2	-9
86	77	1	53
87	78	2	31
88	79	1	55
89	80	1	22
90	81	2	51
91	82	2	-9
92	83	1	43
93	84	2	26
94	85	2	45
95	86	1	71
96	87	1	72
97	88	2	32
98	89	2	56
99	90	1	66
100	91	2	25
101	92	1	33
102	93	1	50
103	94	2	-9
104	95	1	43
105	96	2	68
106	97	2	36
107	98	2	32
109	99	2	65
110	100	2	23
111	101	1	68
112	102	1	20
113	103	1	22
114	104	1	21
115	105	2	57
116	106	1	-9
117	107	2	22
118	108	2	24
119	109	2	30
120	110	1	76
121	111	1	47
122	112	2	58
123	113	1	46
125	114	2	22
126	115	1	57
128	116	2	63
129	117	2	54
130	118	2	56
131	119	1	25
132	120	1	23
133	121	1	62
134	122	1	26
135	123	1	52
136	124	1	58
137	125	2	31
138	126	1	73
139	127	1	62
141	128	1	22
142	129	2	59
143	130	2	62
144	131	2	24
145	132	1	42
146	133	2	31
147	134	1	44
148	135	2	53
149	136	2	70
150	137	2	41
151	138	1	41
152	139	2	25
153	140	2	29
154	141	1	67
155	142	2	51
156	143	1	43
158	144	1	74
159	145	2	21
161	146	2	51
162	147	1	-9
163	148	2	27
164	149	1	22
165	150	1	21
166	151	2	52
167	152	1	43
168	153	2	34
169	154	1	60
170	155	2	57
171	156	2	51
172	157	2	36
173	158	2	44
174	159	1	20
175	160	2	62
176	161	1	39
177	162	2	45
178	163	2	48
179	164	1	63
180	165	2	65
181	166	2	34
182	167	1	52
183	168	2	57
184	169	2	59
185	170	1	67
186	171	1	26
187	172	2	35
188	173	1	46
189	174	1	64
190	175	2	33
192	176	2	50
193	177	1	55
194	178	1	59
195	179	2	30
196	180	2	77
197	181	2	23
198	182	1	59
199	183	1	72
200	184	2	53
201	185	2	48
202	186	2	37
203	187	1	64
204	188	2	60
205	189	1	24
206	190	2	62
207	191	1	51
208	192	2	-9
209	193	1	41
210	194	1	38
211	195	1	52
212	196	2	36
213	197	2	30
214	198	2	41
215	199	1	58
216	200	2	31
217	201	1	33
218	202	2	61
219	203	1	49
220	204	1	35
221	205	1	25
222	206	2	31
223	207	1	53
224	208	2	35
226	209	2	49
227	210	1	25
228	211	2	62
229	212	1	31
230	213	2	32
231	214	2	55
232	215	2	44
233	216	1	56
234	217	2	22
235	218	2	29
236	219	1	56
237	220	2	53
238	221	2	46
239	222	1	73
240	223	2	55
241	224	2	72
242	225	2	33
243	226	1	56
244	227	2	23
245	228	1	49
246	229	1	-9
247	230	2	-9
248	231	1	40
249	232	1	32
250	233	2	42
251	234	1	21
252	235	1	50
253	236	2	39
254	237	1	35
255	238	2	49
256	239	2	31
257	240	1	20
258	241	1	24
259	242	2	40
260	243	2	52
261	244	1	41
262	245	2	63
263	246	2	33
264	247	1	39
265	248	1	57
266	249	2	46
267	250	2	47
268	251	1	50
269	252	1	48
270	253	1	33
271	254	1	28
272	255	1	43
274	256	2	62
275	257	1	27
277	258	1	25
278	259	2	72
279	260	1	61
281	261	1	34
282	262	1	29
283	263	2	54
284	264	2	25
285	265	1	29
286	266	1	71
287	267	1	32
288	268	1	31
289	269	2	27
291	270	2	39
292	271	2	24
293	272	2	35
294	273	1	54
295	274	2	33
296	275	1	34
297	276	2	58
298	277	2	47
300	278	1	41
301	279	2	55
302	280	2	32
303	281	1	31
304	282	2	25
305	283	1	65
306	284	2	27
307	285	2	-9
308	286	2	34
309	287	1	41
310	288	2	26
311	289	2	31
313	290	1	30
314	291	1	20
315	292	1	46
316	293	2	53
317	294	1	51
318	295	1	20
319	296	1	24
320	297	2	58
321	298	2	34
322	299	1	44
323	300	1	59
324	301	1	42
325	302	1	43
326	303	2	51
328	304	1	61
329	305	1	32
330	306	1	72
331	307	1	-9
333	308	2	57
334	309	2	39
335	310	2	41
336	311	2	46
337	312	2	26
338	313	2	20
339	314	1	53
340	315	1	48
341	316	2	-9
342	317	2	41
343	318	2	63
344	319	1	32
345	320	2	52
346	321	1	62
347	322	1	47
348	323	2	31
349	324	2	22
350	325	1	29
351	326	1	59
352	327	2	-9
353	328	2	61
354	329	2	20
355	330	2	52
357	331	1	26
358	332	1	24
359	333	1	48
360	334	2	34
361	335	1	29
362	336	2	52
363	337	2	34
364	338	2	40
365	339	1	62
366	340	1	28
367	341	2	32
368	342	1	33
369	343	1	52
370	344	1	32
371	345	1	41
372	346	2	-9
373	347	2	30
374	348	1	48
375	349	1	32
377	350	1	52
378	351	2	25
380	352	2	51
381	353	2	59
382	354	1	20
383	355	2	22
384	356	1	55
385	357	1	20
386	358	1	60
387	359	1	-9
388	360	2	49
389	361	2	56
390	362	1	54
391	363	2	29
392	364	2	62
393	365	2	35
394	366	2	30
396	367	2	62
397	368	2	29
398	369	2	28
399	370	2	54
400	371	2	23
402	372	1	48
403	373	2	53
404	374	1	36
405	375	2	38
406	376	2	62
407	377	2	47
408	378	2	55
409	379	2	20
410	380	1	24
411	381	1	43
412	382	1	47
413	383	1	56
414	384	2	46
415	385	1	48
417	386	2	43
418	387	1	64
419	388	2	33
420	389	2	38
421	390	2	42
422	391	1	63
423	392	2	77
424	393	1	34
425	394	2	52
426	395	2	31
427	396	2	27
428	397	2	30
429	398	1	75
430	399	1	22
431	400	1	37
432	401	2	53
433	402	1	21
434	403	1	33
435	404	2	35
436	405	2	77
437	406	2	23
438	407	2	77
439	408	1	22
440	409	1	21
441	410	1	77
442	411	1	27
443	412	2	62
444	413	2	23
445	414	1	29
446	415	1	39
447	416	2	-9
448	417	2	32
449	418	2	76
450	419	1	22
451	420	1	48
452	421	1	37
453	422	1	32
455	423	2	53
457	424	2	25
458	425	2	75
459	426	2	75
460	427	2	46
461	428	1	40
462	429	2	73
463	430	1	30
464	431	1	60
465	432	1	44
466	433	1	60
467	434	2	61
468	435	2	-9
469	436	2	25
470	437	1	39
471	438	2	54
472	439	2	34
473	440	1	47
474	441	1	57
475	442	1	56
476	443	2	35
477	444	2	35
478	445	2	51
479	446	1	-9
480	447	2	57
481	448	2	62
482	449	2	64
483	450	1	43
484	451	2	60
485	452	2	36
486	453	1	42
487	454	1	22
488	455	2	-9
489	456	2	22
490	457	2	50
491	458	2	56
492	459	1	58
493	460	2	52
494	461	1	49
495	462	1	28
496	463	2	21
497	464	1	26
498	465	2	46
499	466	1	61
500	467	1	51
501	468	2	36
502	469	2	44
503	470	1	56
504	471	2	29
505	472	1	41
506	473	2	23
507	474	2	42
508	475	2	43
509	476	1	31
510	477	1	25
511	478	1	35
512	479	2	22
515	480	1	30
516	481	2	36
517	482	1	55
518	483	1	25
519	484	1	-9
520	485	1	40
521	486	1	61
522	487	2	53
523	488	2	22
524	489	1	40
525	490	1	37
526	491	2	57
527	492	2	47
528	493	2	56
529	494	1	27
530	495	1	47
531	496	1	38
532	497	1	33
535	498	1	66
536	499	2	40
537	500	2	40
538	501	2	49
539	502	2	-9
540	503	2	27
542	504	2	27
543	505	2	27
544	506	1	24
545	507	1	48
546	508	1	42
547	509	2	51
548	510	1	67
549	511	1	42
550	512	1	56
551	513	1	32
552	514	2	36
553	515	1	34
554	516	1	32
555	517	1	33
556	518	2	39
558	519	2	64
559	520	2	45
560	521	1	39
561	522	2	48
562	523	1	23
563	524	2	27
564	525	2	22
565	526	2	48
566	527	1	41
567	528	1	23
569	529	1	62
570	530	1	42
571	531	2	30
572	532	2	74
573	533	1	67
574	534	1	36
576	535	2	-9
577	536	1	48
578	537	2	21
579	538	2	21
580	539	1	40
581	540	1	-9
582	541	1	68
583	542	2	23
584	543	2	39
585	544	2	30
586	545	1	44
587	546	1	28
588	547	1	25
589	548	1	45
591	549	2	63
592	550	2	62
593	551	1	20
594	552	1	42
595	553	2	70
596	554	1	40
597	555	2	27
598	556	2	30
599	557	2	32
601	558	2	32
602	559	1	-9
603	560	1	48
604	561	2	53
605	562	2	41
606	563	1	51
607	564	1	30
608	565	1	73
609	566	1	29
610	567	2	61
611	568	2	-9
612	569	1	33
613	570	1	64
614	571	1	21
615	572	2	31
616	573	2	22
617	574	1	41
618	575	2	39
619	576	1	21
620	577	1	54
621	578	2	26
622	579	1	32
623	580	1	56
624	581	1	-9
625	582	1	30
626	583	2	48
627	584	2	63
628	585	1	61
629	586	1	48
630	587	2	55
631	588	1	22
632	589	1	58
633	590	2	62
634	591	1	48
635	592	2	76
636	593	2	22
637	594	2	24
638	595	2	41
639	596	2	50
640	597	1	60
642	598	2	27
643	599	2	33
644	600	1	32
645	601	1	28
646	602	2	47
647	603	1	60
648	604	2	24
649	605	2	51
650	606	1	57
651	607	2	75
652	608	2	44
653	609	2	62
654	610	1	20
655	611	1	46
656	612	2	22
657	613	2	35
658	614	1	25
659	615	2	20
660	616	1	31
661	617	1	49
662	618	1	57
663	619	1	28
664	620	2	41
665	621	2	44
666	622	1	69
667	623	1	-9
668	624	1	58
669	625	1	40
670	626	2	31
671	627	1	25
672	628	1	26
673	629	1	33
674	630	1	37
675	631	2	71
676	632	1	64
677	633	1	26
678	634	2	53
679	635	2	-9
680	636	1	39
681	637	2	23
682	638	1	73
683	639	1	-9
684	640	1	24
685	641	2	47
686	642	1	31
688	643	2	31
689	644	1	62
690	645	2	32
692	646	1	47
693	647	1	73
694	648	2	45
695	649	2	47
696	650	1	39
697	651	2	21
698	652	2	38
699	653	1	58
700	654	1	24
701	655	1	-9
702	656	1	21
703	657	1	30
704	658	1	20
705	659	2	33
706	660	2	60
707	661	2	48
708	662	1	68
709	663	1	39
710	664	2	58
711	665	1	54
712	666	1	60
713	667	2	32
714	668	2	42
716	669	1	39
717	670	2	48
718	671	1	35
719	672	2	42
720	673	2	34
721	674	1	57
722	675	2	62
723	676	1	33
724	677	2	43
725	678	1	35
726	679	2	24
727	680	1	25
728	681	1	54
729	682	2	27
731	683	2	26
732	684	2	54
734	685	2	54
735	686	2	73
736	687	1	34
737	688	1	-9
738	689	1	26
739	690	1	62
740	691	2	30
741	692	2	33
742	693	2	62
743	694	2	52
744	695	2	53
745	696	2	34
746	697	2	26
747	698	1	26
748	699	2	60
749	700	2	27
750	701	2	22
751	702	1	41
752	703	2	51
753	704	2	20
754	705	1	20
756	706	1	30
758	707	2	42
759	708	1	24
760	709	1	40
761	710	1	40
762	711	2	26
763	712	1	50
764	713	2	27
765	714	2	34
766	715	1	20
767	716	2	24
768	717	2	20
769	718	2	30
770	719	1	59
771	720	2	52
772	721	2	43
773	722	1	33
774	723	2	-9
775	724	1	25
776	725	2	21
777	726	2	36
778	727	2	33
779	728	2	-9
780	729	1	53
781	730	2	28
783	731	1	51
784	732	1	27
785	733	2	-9
786	734	2	57
787	735	2	54
788	736	2	59
789	737	2	48
790	738	1	32
791	739	1	60
792	740	1	23
793	741	1	50
794	742	2	30
795	743	2	24
796	744	1	63
797	745	1	32
798	746	1	69
799	747	1	51
800	748	2	26
801	749	1	57
802	750	2	41
803	751	2	52
804	752	2	43
805	753	1	28
806	754	1	60
808	755	1	21
809	756	1	24
810	757	2	32
812	758	1	33
813	759	2	50
814	760	2	65
815	761	2	21
816	762	1	27
817	763	2	20
818	764	1	28
819	765	1	42
820	766	1	-9
821	767	2	22
822	768	1	50
823	769	1	21
824	770	2	42
826	771	2	67
827	772	2	22
828	773	2	31
829	774	1	-9
830	775	2	53
831	776	1	38
832	777	1	42
833	778	1	30
834	779	2	39
835	780	2	23
836	781	1	26
837	782	2	63
838	783	2	41
839	784	2	51
840	785	1	60
841	786	1	56
842	787	2	69
843	788	2	63
844	789	1	21
845	790	1	41
847	791	1	50
848	792	2	31
849	793	1	65
850	794	2	52
851	795	2	57
852	796	2	24
853	797	2	51
854	798	2	37
855	799	2	21
856	800	1	-9
857	801	2	52
858	802	1	32
860	803	2	52
861	804	2	66
862	805	1	27
864	806	1	45
865	807	2	33
866	808	2	24
867	809	1	35
868	810	2	26
869	811	1	61
870	812	1	24
871	813	1	47
872	814	2	50
873	815	1	56
874	816	2	23
875	817	2	24
876	818	2	27
877	819	1	31
878	820	2	-9
879	821	2	38
880	822	2	53
881	823	2	29
882	824	2	54
883	825	1	54
884	826	2	65
885	827	2	36
886	828	2	52
887	829	2	33
888	830	1	70
889	831	1	31
890	832	1	48
891	833	2	69
892	834	2	24
893	835	2	42
894	836	1	49
895	837	2	39
896	838	2	67
897	839	2	32
898	840	1	27
899	841	1	51
900	842	1	58
901	843	1	40
902	844	2	46
903	845	1	64
905	846	1	38
906	847	1	57
907	848	2	44
908	849	2	53
909	850	2	64
910	851	2	40
911	852	1	20
913	853	1	55
914	854	2	24
915	855	2	22
916	856	1	50
917	857	1	66
918	858	2	20
919	859	2	52
920	860	1	31
921	861	2	38
922	862	2	56
923	863	1	32
924	864	2	20
926	865	1	54
927	866	1	38
928	867	2	54
929	868	2	61
930	869	2	41
931	870	2	52
932	871	1	20
933	872	1	22
934	873	2	21
935	874	1	49
936	875	1	44
937	876	1	20
938	877	1	31
939	878	1	22
940	879	2	43
941	880	2	53
942	881	1	38
943	882	1	41
944	883	1	76
945	884	2	42
946	885	1	50
947	886	2	60
948	887	1	47
949	888	1	44
950	889	1	61
951	890	2	66
952	891	1	-9
953	892	1	44
954	893	2	40
955	894	2	27
956	895	2	44
957	896	1	25
958	897	1	73
959	898	1	50
960	899	1	75
961	900	2	60
962	901	1	22
963	902	1	42
964	903	2	21
965	904	1	21
966	905	2	32
967	906	1	38
968	907	2	71
969	908	2	42
970	909	1	34
971	910	1	23
972	911	2	21
973	912	2	46
974	913	2	39
976	914	1	37
977	915	1	41
978	916	2	25
979	917	2	43
980	918	1	55
981	919	1	48
982	920	2	41
983	921	1	56
984	922	1	54
985	923	2	52
986	924	2	21
987	925	1	28
988	926	2	37
989	927	2	45
991	928	2	40
992	929	1	76
993	930	2	28
994	931	1	29
995	932	2	27
996	933	1	56
997	934	2	-9
998	935	2	29
1000	936	1	20
1001	937	2	60
1002	938	2	73
1004	939	2	54
1005	940	1	39
1006	941	1	40
1007	942	2	-9
1008	943	2	60
1009	944	1	54
1010	945	2	37
1011	946	1	67
1012	947	2	63
1013	948	1	20
1014	949	2	63
1015	950	2	51
1016	951	2	52
1017	952	2	47
1018	953	2	63
1019	954	2	65
1020	955	2	27
1021	956	1	40
1022	957	2	21
1023	958	2	53
1024	959	1	42
1025	960	2	59
1026	961	1	44
1027	962	1	35
1028	963	2	69
1029	964	2	54
1030	965	2	33
1031	966	1	63
1032	967	1	47
1033	968	2	30
1034	969	2	49
1035	970	2	32
1036	971	2	35
1037	972	2	66
1038	973	1	29
1039	974	2	62
1040	975	1	57
1041	976	1	35
1043	977	1	58
1044	978	2	46
1045	979	1	45
1046	980	1	40
1047	981	2	-9
1048	982	2	21
1049	983	2	62
1050	984	1	66
1051	985	1	31
1052	986	1	33
1053	987	2	32
1054	988	2	36
1055	989	2	50
1056	990	2	-9
1057	991	2	25
1058	992	1	54
1059	993	1	25
1060	994	2	-9
1061	995	2	61
1062	996	1	35
1063	997	2	59
1064	998	2	37
1065	999	1	46
1066	1000	1	-9
1067	1001	2	58
1068	1002	1	62
1069	1003	1	35
1070	1004	1	68
1071	1005	2	21
1072	1006	1	64
1073	1007	2	50
1074	1008	2	56
1075	1009	1	50
1076	1010	1	58
1077	1011	1	21
1078	1012	1	41
1079	1013	2	-9
1080	1014	2	45
1081	1015	1	33
1082	1016	2	29
1083	1017	2	40
1084	1018	2	-9
1085	1019	1	55
1087	1020	1	22
1088	1021	2	-9
1089	1022	2	58
1090	1023	2	22
1091	1024	2	59
1092	1025	2	30
1093	1026	2	69
1095	1027	2	51
1096	1028	2	30
1097	1029	1	22
1098	1030	1	35
1099	1031	1	22
1100	1032	2	46
1101	1033	2	20
1102	1034	2	-9
1103	1035	2	69
1104	1036	1	43
1105	1037	1	41
1106	1038	1	44
1107	1039	2	51
1108	1040	1	49
1109	1041	2	65
1110	1042	2	36
1111	1043	1	50
1112	1044	2	34
1113	1045	2	28
1114	1046	1	-9
1115	1047	2	39
1116	1048	1	32
1117	1049	2	62
1118	1050	1	21
1119	1051	2	22
1120	1052	2	23
1121	1053	2	31
1122	1054	1	46
1123	1055	1	24
1124	1056	2	61
1125	1057	1	53
1126	1058	2	47
1127	1059	2	-9
1128	1060	1	43
1129	1061	1	35
1130	1062	1	56
1131	1063	1	62
1132	1064	1	25
1134	1065	1	-9
1135	1066	1	37
1136	1067	2	41
1137	1068	1	27
1138	1069	2	74
1139	1070	1	35
1140	1071	2	33
1141	1072	1	61
1142	1073	2	37
1143	1074	2	54
1144	1075	1	26
1145	1076	1	62
1146	1077	2	56
1147	1078	1	48
1148	1079	2	41
1149	1080	1	25
1150	1081	1	53
1151	1082	1	33
1153	1083	2	40
1154	1084	2	38
1155	1085	1	53
1156	1086	2	76
1157	1087	2	22
1158	1088	2	-9
1159	1089	1	59
1160	1090	1	28
1161	1091	2	57
1162	1092	2	40
1163	1093	2	71
1164	1094	1	43
1165	1095	1	59
1166	1096	1	25
1168	1097	1	20
1169	1098	1	52
1170	1099	1	28
1171	1100	1	43
1172	1101	2	46
1173	1102	1	41
1174	1103	2	27
1175	1104	1	58
1176	1105	2	38
1177	1106	2	44
1178	1107	2	33
1179	1108	2	53
1180	1109	2	56
1181	1110	2	62
1182	1111	1	25
1183	1112	2	41
1184	1113	1	41
1185	1114	2	23
1186	1115	2	23
1187	1116	2	50
1188	1117	1	20
1189	1118	2	-9
1190	1119	1	46
1191	1120	1	45
1192	1121	1	26
1193	1122	2	55
1194	1123	2	33
1195	1124	1	37
1196	1125	2	51
1197	1126	1	31
1198	1127	1	30
1199	1128	2	25
1200	1129	2	20
1201	1130	1	38
1202	1131	2	31
1203	1132	1	34
1204	1133	2	74
1205	1134	2	50
1206	1135	2	50
1207	1136	1	34
1208	1137	1	70
1209	1138	1	46
1210	1139	1	28
1211	1140	1	38
1212	1141	2	23
1213	1142	1	58
1214	1143	1	59
1215	1144	1	54
1216	1145	1	58
1217	1146	2	28
1218	1147	1	57
1219	1148	2	23
1220	1149	1	56
1221	1150	1	39
1222	1151	1	55
1223	1152	2	23
1225	1153	1	21
1226	1154	2	-9
1227	1155	1	35
1228	1156	1	57
1229	1157	2	20
1230	1158	2	57
1231	1159	2	52
1232	1160	1	-9
1233	1161	1	74
1234	1162	1	75
1235	1163	1	24
1236	1164	1	52
1237	1165	2	29
1238	1166	2	64
1239	1167	2	45
1240	1168	1	44
1241	1169	1	50
1242	1170	1	47
1243	1171	1	52
1244	1172	2	51
1245	1173	2	52
1246	1174	2	31
1247	1175	1	24
1248	1176	2	56
1249	1177	1	60
1250	1178	1	20
1252	1179	1	37
1253	1180	1	36
1254	1181	1	21
1255	1182	1	48
1256	1183	2	31
1257	1184	2	39
1258	1185	1	46
1259	1186	2	41
1260	1187	2	68
1261	1188	2	20
1262	1189	2	45
1263	1190	1	42
1264	1191	1	-9
1265	1192	1	43
1266	1193	1	47
1267	1194	2	26
1268	1195	2	32
1272	1196	2	-9
1273	1197	2	68
1274	1198	2	34
1275	1199	1	21
1276	1200	2	62
1277	1201	1	27
1278	1202	1	22
1279	1203	2	35
1280	1204	2	55
1281	1205	2	37
1282	1206	1	-9
1283	1207	1	49
1284	1208	1	33
1285	1209	1	35
1286	1210	2	50
1287	1211	1	62
1288	1212	2	48
1290	1213	1	31
1291	1214	1	32
1292	1215	1	56
1293	1216	1	20
1294	1217	1	23
1295	1218	2	27
1297	1219	1	52
1298	1220	1	20
1299	1221	1	60
1300	1222	1	43
1301	1223	2	34
1302	1224	2	39
1303	1225	1	67
1304	1226	2	48
1305	1227	2	31
1306	1228	2	65
1307	1229	1	43
1308	1230	2	50
1309	1231	2	67
1310	1232	1	22
1311	1233	2	52
1312	1234	2	36
1313	1235	2	57
1314	1236	1	66
1315	1237	2	42
1316	1238	2	28
1318	1239	1	33
1319	1240	2	56
1320	1241	1	53
1322	1242	2	41
1323	1243	2	58
1324	1244	1	53
1325	1245	2	54
1326	1246	2	41
1327	1247	2	-9
1328	1248	1	58
1329	1249	2	22
1330	1250	1	42
1331	1251	1	21
1332	1252	1	53
1333	1253	2	66
1334	1254	1	32
1335	1255	2	56
1336	1256	1	70
1337	1257	2	45
1338	1258	1	41
1339	1259	2	44
1340	1260	2	52
1341	1261	1	65
1342	1262	2	42
1343	1263	1	59
1344	1264	1	41
1345	1265	2	67
1346	1266	1	53
1347	1267	1	54
1348	1268	1	59
1349	1269	1	-9
1350	1270	2	46
1351	1271	1	27
1352	1272	2	35
1353	1273	1	48
1354	1274	1	31
1355	1275	1	32
1356	1276	1	57
1357	1277	2	31
1358	1278	2	70
1359	1279	1	65
1361	1280	2	29
1362	1281	2	27
1363	1282	1	71
1365	1283	2	52
1366	1284	2	37
1368	1285	1	59
1369	1286	2	31
1370	1287	2	55
1371	1288	1	32
1372	1289	2	36
1373	1290	1	33
1374	1291	1	27
1375	1292	1	43
1376	1293	2	-9
1377	1294	1	42
1378	1295	2	-9
1379	1296	2	42
1380	1297	1	44
1381	1298	1	60
1382	1299	1	42
1383	1300	1	61
1384	1301	1	-9
1385	1302	2	54
1386	1303	1	48
1387	1304	1	25
1388	1305	2	44
1389	1306	1	28
1390	1307	1	58
1391	1308	1	-9
1392	1309	1	42
1393	1310	2	34
1394	1311	2	39
1395	1312	2	62
1396	1313	2	23
1397	1314	2	44
1399	1315	2	64
1400	1316	1	29
1401	1317	1	61
1404	1318	1	33
1405	1319	2	28
1406	1320	1	35
1407	1321	1	66
1408	1322	1	-9
1409	1323	2	-9
1410	1324	1	76
1411	1325	2	30
1412	1326	1	39
1413	1327	1	60
1414	1328	2	33
1415	1329	2	61
1416	1330	2	57
1417	1331	2	37
1418	1332	1	41
1419	1333	2	35
1420	1334	2	62
1421	1335	1	33
1422	1336	2	24
1423	1337	1	22
1424	1338	2	34
1425	1339	1	44
1426	1340	2	64
1427	1341	2	75
1428	1342	2	34
1429	1343	1	51
1430	1344	1	44
1431	1345	1	22
1432	1346	1	23
1433	1347	1	30
1434	1348	1	57
1435	1349	2	34
1436	1350	1	24
1437	1351	1	72
1438	1352	2	55
1439	1353	2	31
1440	1354	1	46
1441	1355	2	73
1442	1356	2	47
1443	1357	2	23
1444	1358	1	31
1445	1359	2	75
1446	1360	1	24
1448	1361	2	39
1449	1362	1	33
1450	1363	2	-9
1451	1364	1	45
1452	1365	2	23
1453	1366	2	74
1454	1367	2	26
1455	1368	1	24
1456	1369	2	56
1457	1370	2	24
1458	1371	2	24
1459	1372	2	28
1460	1373	1	38
1461	1374	1	56
1462	1375	2	36
1463	1376	2	20
1465	1377	1	61
1466	1378	2	43
1467	1379	1	31
1468	1380	2	34
1469	1381	1	43
1471	1382	1	42
1472	1383	2	60
1473	1384	2	29
1474	1385	1	26
1475	1386	1	64
1476	1387	2	57
1477	1388	2	37
1478	1389	1	35
1480	1390	2	36
1481	1391	1	20
1482	1392	2	64
1483	1393	2	44
1484	1394	1	46
1485	1395	2	38
1486	1396	1	24
1487	1397	1	25
1488	1398	1	58
1489	1399	1	72
1490	1400	2	59
1491	1401	2	36
1492	1402	2	62
1493	1403	2	39
1494	1404	1	60
1495	1405	1	21
1496	1406	2	34
1497	1407	2	63
1499	1408	1	63
1500	1409	1	28
1501	1410	1	38
1502	1411	1	59
1503	1412	2	51
1504	1413	2	38
1505	1414	1	41
1507	1415	1	57
1508	1416	2	73
1509	1417	1	25
1510	1418	1	65
1511	1419	2	64
1512	1420	2	34
1513	1421	1	36
1514	1422	1	34
1515	1423	1	31
1516	1424	2	42
1518	1425	1	38
1519	1426	1	62
1520	1427	2	51
1521	1428	2	22
1522	1429	1	25
1523	1430	1	33
1524	1431	2	22
1525	1432	1	29
1526	1433	1	22
1527	1434	2	38
1528	1435	2	51
1529	1436	2	49
1530	1437	2	31
1531	1438	2	44
1532	1439	1	68
1533	1440	2	61
1535	1441	2	29
1536	1442	2	76
1537	1443	2	38
1538	1444	2	22
1539	1445	2	52
1540	1446	1	51
1541	1447	1	32
1542	1448	1	38
1543	1449	2	28
1544	1450	1	66
1545	1451	1	36
1546	1452	2	31
1547	1453	1	39
1548	1454	2	30
1549	1455	1	64
1550	1456	1	26
1551	1457	2	62
1552	1458	1	-9
1553	1459	1	77
1554	1460	1	31
1555	1461	1	48
1556	1462	1	73
1557	1463	1	41
1558	1464	2	47
1559	1465	1	35
1560	1466	2	25
1561	1467	2	30
1562	1468	2	30
1563	1469	1	26
1564	1470	2	69
1565	1471	1	47
1566	1472	1	31
1567	1473	2	23
1568	1474	1	38
1569	1475	2	20
1570	1476	2	36
1571	1477	2	77
1572	1478	1	29
1573	1479	2	39
1574	1480	1	52
1575	1481	1	36
1576	1482	2	67
1577	1483	1	63
1578	1484	1	72
1579	1485	1	26
1580	1486	2	37
1581	1487	1	66
1582	1488	1	52
1583	1489	2	44
1584	1490	1	61
1585	1491	1	61
1586	1492	2	61
1587	1493	2	43
1588	1494	2	40
1589	1495	1	40
1590	1496	2	60
1591	1497	2	52
1592	1498	1	35
1593	1499	1	43
1594	1500	1	44
1595	1501	1	33
1596	1502	1	57
1597	1503	1	-9
1598	1504	2	-9
1599	1505	2	51
1600	1506	1	26
1602	1507	2	62
1603	1508	2	28
1604	1509	2	34
1605	1510	1	61
1606	1511	2	63
1607	1512	2	28
1608	1513	2	42
1609	1514	2	34
1610	1515	2	65
1611	1516	2	55
1612	1517	2	70
1613	1518	1	29
1614	1519	1	45
1615	1520	1	21
1617	1521	1	26
1618	1522	2	27
1619	1523	1	38
1620	1524	1	50
1621	1525	2	54
1622	1526	2	36
1623	1527	1	33
1624	1528	2	40
1625	1529	1	22
1626	1530	2	50
1627	1531	1	47
1628	1532	1	62
1629	1533	2	-9
1630	1534	1	61
1631	1535	2	61
1632	1536	1	51
1633	1537	1	33
1634	1538	2	42
1635	1539	1	-9
1636	1540	1	73
1637	1541	2	50
1638	1542	1	-9
1639	1543	2	30
1640	1544	2	27
1642	1545	2	31
1643	1546	1	34
1644	1547	2	31
1645	1548	2	27
1646	1549	1	42
1647	1550	2	21
1648	1551	2	43
1649	1552	2	39
1651	1553	2	-9
1652	1554	2	42
1653	1555	2	48
1654	1556	1	28
1655	1557	2	49
1656	1558	2	35
1657	1559	2	-9
1658	1560	2	60
1659	1561	2	64
1660	1562	2	56
1661	1563	2	57
1662	1564	1	28
1664	1565	1	28
1665	1566	1	31
1666	1567	1	28
1667	1568	2	57
1668	1569	1	32
1669	1570	1	29
1671	1571	1	20
1672	1572	1	26
1673	1573	1	61
1674	1574	1	32
1675	1575	1	47
1676	1576	2	38
1677	1577	1	46
1678	1578	2	41
1679	1579	1	72
1680	1580	2	34
1681	1581	1	64
1682	1582	2	34
1683	1583	1	20
1684	1584	2	66
1685	1585	2	62
1686	1586	2	35
1687	1587	2	26
1688	1588	2	27
1689	1589	2	22
1690	1590	2	59
1691	1591	2	30
1692	1592	1	24
1693	1593	2	55
1694	1594	1	62
1695	1595	2	43
1696	1596	2	51
1697	1597	2	46
1698	1598	1	61
1699	1599	2	34
1700	1600	2	45
1701	1601	2	40
1702	1602	1	42
1703	1603	2	52
1704	1604	2	-9
1705	1605	2	70
1706	1606	2	66
1708	1607	2	61
1709	1608	2	75
1710	1609	2	59
1711	1610	2	28
1712	1611	1	24
1713	1612	1	20
1714	1613	1	44
1715	1614	1	25
1716	1615	1	20
1717	1616	1	29
1718	1617	1	59
1719	1618	1	34
1720	1619	1	49
1721	1620	1	44
1722	1621	1	32
1723	1622	1	39
1724	1623	1	46
1725	1624	1	35
1726	1625	2	40
1727	1626	1	-9
1728	1627	2	52
1729	1628	2	36
1730	1629	2	50
1731	1630	2	25
1732	1631	1	-9
1733	1632	1	42
1734	1633	2	-9
1735	1634	1	65
1736	1635	1	52
1737	1636	1	42
1738	1637	2	42
1739	1638	2	46
1741	1639	1	32
1742	1640	2	32
1743	1641	1	39
1744	1642	1	46
1745	1643	2	69
1746	1644	1	76
1747	1645	2	34
1748	1646	1	61
1749	1647	2	33
1750	1648	1	25
1752	1649	1	-9
1753	1650	1	46
1754	1651	1	52
1755	1652	2	75
1756	1653	2	37
1757	1654	2	36
1758	1655	1	28
1759	1656	2	40
1760	1657	2	75
1761	1658	2	22
1762	1659	2	57
1764	1660	2	59
1765	1661	2	23
1766	1662	1	43
1767	1663	2	39
1769	1664	1	32
1770	1665	2	42
1771	1666	1	46
1772	1667	2	-9
1774	1668	2	72
1775	1669	2	27
1776	1670	2	35
1777	1671	2	40
1778	1672	1	26
1779	1673	2	30
1780	1674	1	26
1781	1675	1	54
1782	1676	2	63
1783	1677	2	21
1784	1678	2	77
1785	1679	1	-9
1786	1680	1	23
1787	1681	1	43
1788	1682	2	43
1789	1683	1	51
1790	1684	1	28
1791	1685	2	61
1792	1686	1	63
1793	1687	1	21
1794	1688	1	36
1795	1689	2	31
1796	1690	2	40
1797	1691	1	32
1798	1692	1	75
1799	1693	1	39
1800	1694	2	27
1801	1695	1	68
1802	1696	2	-9
1803	1697	1	22
1804	1698	2	48
1805	1699	2	32
1806	1700	2	55
1807	1701	1	26
1808	1702	2	53
1809	1703	1	43
1810	1704	1	36
1811	1705	1	61
1812	1706	2	41
1813	1707	1	58
1814	1708	2	43
1815	1709	1	-9
1817	1710	2	35
1818	1711	1	34
1820	1712	2	29
1821	1713	1	60
1822	1714	1	23
1823	1715	1	31
1824	1716	1	62
1825	1717	1	56
1826	1718	2	22
1827	1719	1	31
1828	1720	1	33
1829	1721	2	68
1830	1722	2	37
1831	1723	1	41
1832	1724	2	25
1833	1725	1	26
1834	1726	1	24
1835	1727	2	20
1836	1728	2	48
1837	1729	1	43
1838	1730	2	58
1839	1731	2	44
1840	1732	1	31
1841	1733	2	20
1842	1734	2	26
1843	1735	2	21
1844	1736	2	42
1845	1737	2	64
1846	1738	1	53
1847	1739	2	61
1848	1740	1	22
1849	1741	1	47
1850	1742	2	31
1851	1743	1	47
1852	1744	1	21
1853	1745	2	24
1854	1746	1	49
1855	1747	1	61
1856	1748	2	48
1857	1749	2	36
1858	1750	2	59
1859	1751	1	52
1860	1752	1	51
1862	1753	2	61
1863	1754	2	34
1864	1755	1	48
1865	1756	1	55
1866	1757	1	21
1867	1758	2	35
1868	1759	2	27
1869	1760	1	42
1870	1761	1	28
1871	1762	2	51
1872	1763	2	56
1873	1764	1	20
1874	1765	2	43
1875	1766	2	49
1876	1767	1	31
1877	1768	2	64
1878	1769	1	67
1879	1770	2	23
1880	1771	1	24
1881	1772	1	56
1882	1773	1	-9
1883	1774	2	55
1884	1775	2	44
1885	1776	1	23
1886	1777	2	-9
1887	1778	2	20
1888	1779	1	-9
1889	1780	1	69
1890	1781	1	29
1891	1782	2	68
1892	1783	2	52
1893	1784	1	61
1894	1785	2	-9
1895	1786	1	73
1896	1787	1	53
1897	1788	1	37
1898	1789	1	-9
1899	1790	1	26
1900	1791	2	40
1901	1792	2	43
1902	1793	1	41
1903	1794	1	50
1904	1795	1	40
1905	1796	1	51
1907	1797	2	27
1908	1798	2	26
1909	1799	1	61
1911	1800	1	23
1912	1801	1	29
1913	1802	2	64
1914	1803	2	61
1915	1804	2	53
1916	1805	2	33
1917	1806	1	22
1918	1807	2	23
1919	1808	1	23
1920	1809	1	-9
1921	1810	2	33
1922	1811	2	69
1923	1812	1	62
1924	1813	1	39
1925	1814	2	41
1926	1815	1	43
1927	1816	1	53
1928	1817	1	62
1929	1818	2	22
1930	1819	1	27
1931	1820	1	36
1932	1821	2	-9
1933	1822	1	59
1934	1823	2	53
1935	1824	1	68
1936	1825	1	34
1937	1826	1	39
1938	1827	1	29
1939	1828	1	72
1940	1829	2	52
1941	1830	1	27
1942	1831	1	65
1943	1832	2	33
1944	1833	2	28
1945	1834	1	29
1946	1835	1	22
1947	1836	1	20
1948	1837	2	53
1949	1838	2	27
1950	1839	1	63
1951	1840	1	47
1952	1841	2	62
1953	1842	1	75
1954	1843	1	42
1955	1844	2	23
1956	1845	1	57
1957	1846	2	40
1958	1847	2	39
1959	1848	1	24
1960	1849	2	20
1961	1850	2	21
1963	1851	1	59
1964	1852	2	42
1965	1853	2	34
1966	1854	1	-9
1967	1855	2	38
1968	1856	2	42
1969	1857	1	28
1970	1858	1	23
1971	1859	2	24
1972	1860	1	41
1973	1861	2	-9
1974	1862	1	33
1975	1863	1	-9
1976	1864	1	28
1977	1865	2	30
1978	1866	2	42
1979	1867	2	44
1980	1868	1	38
1981	1869	2	29
1982	1870	1	35
1983	1871	2	58
1984	1872	2	37
1985	1873	1	55
1986	1874	1	28
1987	1875	2	-9
1988	1876	2	39
1989	1877	1	49
1990	1878	1	55
1991	1879	1	46
1992	1880	2	53
1993	1881	2	59
1994	1882	2	42
1995	1883	1	62
1996	1884	1	59
1997	1885	2	44
1998	1886	1	70
1999	1887	2	33
2000	1888	1	29
2001	1889	1	51
2002	1890	1	20
2003	1891	2	31
2004	1892	1	34
2005	1893	1	32
2006	1894	1	63
2007	1895	1	51
2008	1896	2	-9
2009	1897	2	38
2010	1898	2	29
2011	1899	1	48
2012	1900	1	35
2013	1901	1	26
2014	1902	1	22
2016	1903	2	51
2017	1904	1	60
2019	1905	1	39
2020	1906	2	32
2021	1907	1	22
2022	1908	1	21
2023	1909	2	21
2024	1910	1	-9
2025	1911	2	49
2026	1912	2	29
2027	1913	2	30
2028	1914	2	46
2029	1915	2	42
2030	1916	1	46
2031	1917	1	27
2032	1918	1	42
2033	1919	1	32
2034	1920	1	26
2035	1921	1	32
2036	1922	2	36
2037	1923	2	53
2038	1924	2	22
2039	1925	2	29
2040	1926	2	61
2041	1927	1	35
2042	1928	2	72
2043	1929	2	27
2044	1930	2	21
2045	1931	1	33
2046	1932	2	60
2047	1933	1	23
2048	1934	2	41
2050	1935	2	41
2051	1936	1	43
2052	1937	2	33
2053	1938	2	52
2054	1939	2	29
2055	1940	2	73
2056	1941	2	52
2057	1942	1	54
2058	1943	2	21
2059	1944	1	-9
2060	1945	2	35
2061	1946	1	44
2062	1947	2	40
2063	1948	2	50
2064	1949	2	37
2065	1950	2	65
2066	1951	1	38
2067	1952	2	49
2068	1953	2	68
2069	1954	1	32
2070	1955	1	31
2071	1956	2	71
2072	1957	2	33
2073	1958	1	77
2074	1959	2	-9
2075	1960	1	51
2076	1961	1	-9
2078	1962	1	63
2079	1963	1	49
2080	1964	2	72
2082	1965	2	72
2084	1966	2	67
2085	1967	2	71
2086	1968	2	43
2087	1969	2	44
2088	1970	1	28
2089	1971	2	60
2090	1972	2	46
2091	1973	1	-9
2092	1974	2	41
2093	1975	2	65
2094	1976	2	29
2095	1977	1	71
2096	1978	1	40
2097	1979	2	20
2098	1980	1	25
2099	1981	1	57
2100	1982	2	62
2102	1983	2	64
2103	1984	1	54
2104	1985	1	20
2106	1986	2	37
2107	1987	2	27
2108	1988	1	42
2109	1989	1	57
2110	1990	1	-9
2111	1991	2	42
2112	1992	2	36
2113	1993	2	42
2114	1994	1	57
2115	1995	2	42
2116	1996	2	24
2117	1997	1	21
2118	1998	2	60
2119	1999	2	52
2120	2000	2	52
2121	2001	1	72
2122	2002	1	29
2123	2003	1	33
2124	2004	2	36
2125	2005	1	52
2126	2006	2	53
2127	2007	2	51
2128	2008	1	62
2129	2009	1	31
2130	2010	1	41
2131	2011	2	77
2132	2012	2	52
2133	2013	1	62
2135	2014	2	64
2136	2015	2	46
2137	2016	1	57
2138	2017	2	65
2139	2018	2	29
2140	2019	2	64
2141	2020	2	77
2142	2021	2	34
2143	2022	1	31
2144	2023	2	51
2145	2024	2	23
2146	2025	1	42
2147	2026	1	33
2148	2027	1	34
2149	2028	2	29
2150	2029	2	64
2151	2030	2	38
2153	2031	2	34
2154	2032	2	56
2155	2033	1	-9
2156	2034	1	54
2157	2035	2	53
2158	2036	1	77
2159	2037	2	29
2160	2038	2	62
2161	2039	1	61
2162	2040	2	65
2163	2041	2	58
2164	2042	1	39
2165	2043	1	48
2166	2044	1	23
2167	2045	1	41
2168	2046	2	48
2169	2047	1	27
2170	2048	2	20
2171	2049	2	26
2172	2050	1	52
2173	2051	2	22
2174	2052	1	48
2175	2053	2	35
2176	2054	1	36
2177	2055	2	39
2178	2056	1	51
2179	2057	1	47
2180	2058	2	24
2181	2059	1	40
2182	2060	2	58
2183	2061	1	26
2184	2062	1	51
2185	2063	1	31
2186	2064	2	24
2187	2065	1	22
2188	2066	1	51
2189	2067	1	60
2190	2068	1	27
2191	2069	2	31
2192	2070	2	56
2193	2071	2	31
2194	2072	2	74
2195	2073	1	63
2196	2074	1	25
2197	2075	2	35
2198	2076	2	55
2199	2077	1	62
2200	2078	2	52
2201	2079	2	36
2202	2080	2	32
2203	2081	1	31
2204	2082	2	28
2205	2083	2	23
2206	2084	2	40
2207	2085	1	-9
2208	2086	1	49
2209	2087	2	59
2210	2088	1	25
2211	2089	1	50
2213	2090	2	67
2214	2091	1	20
2215	2092	1	-9
2216	2093	2	31
2217	2094	2	25
2218	2095	1	35
2219	2096	1	58
2220	2097	1	30
2221	2098	2	-9
2222	2099	1	29
2223	2100	1	32
2224	2101	1	41
2225	2102	1	22
2226	2103	1	69
2227	2104	2	71
2228	2105	1	47
2229	2106	2	75
2230	2107	2	-9
2231	2108	1	46
2232	2109	1	24
2233	2110	2	-9
2234	2111	2	35
2235	2112	1	37
2236	2113	1	27
2237	2114	2	58
2238	2115	2	41
2239	2116	1	64
2240	2117	2	31
2241	2118	1	29
2243	2119	1	22
2244	2120	2	40
2246	2121	1	42
2247	2122	1	65
2248	2123	1	35
2249	2124	2	60
2250	2125	1	52
2251	2126	2	47
2252	2127	1	40
2253	2128	2	66
2254	2129	2	34
2255	2130	1	50
2256	2131	1	51
2257	2132	1	25
2259	2133	2	45
2260	2134	1	-9
2261	2135	1	49
2262	2136	2	34
2263	2137	2	42
2264	2138	1	23
2266	2139	1	-9
2267	2140	1	25
2268	2141	2	35
2269	2142	1	-9
2271	2143	1	42
2272	2144	1	61
2273	2145	2	22
2274	2146	1	61
2275	2147	2	60
2276	2148	2	-9
2277	2149	1	27
2278	2150	1	42
2279	2151	2	52
2280	2152	1	64
2281	2153	2	22
2283	2154	2	55
2284	2155	2	41
2285	2156	2	22
2286	2157	2	42
2287	2158	1	51
2288	2159	2	-9
2289	2160	2	40
2290	2161	2	60
2291	2162	1	43
2292	2163	2	24
2293	2164	2	22
2294	2165	2	52
2295	2166	2	26
2296	2167	2	63
2297	2168	2	67
2298	2169	1	34
2299	2170	2	33
2300	2171	2	24
2301	2172	2	57
2302	2173	2	20
2304	2174	2	26
2305	2175	2	26
2306	2176	1	33
2307	2177	2	21
2308	2178	1	69
2309	2179	2	44
2311	2180	2	53
2312	2181	1	32
2313	2182	2	45
2315	2183	2	49
2316	2184	1	41
2317	2185	2	-9
2318	2186	2	29
2319	2187	2	66
2320	2188	2	22
2321	2189	1	-9
2322	2190	1	56
2323	2191	2	42
2324	2192	1	34
2325	2193	1	33
2326	2194	2	45
2328	2195	2	-9
2329	2196	2	51
2330	2197	2	48
2331	2198	2	30
2332	2199	2	56
2333	2200	2	39
2335	2201	1	33
2336	2202	2	30
2337	2203	1	-9
2338	2204	2	71
2339	2205	2	41
2341	2206	2	52
2342	2207	1	62
2343	2208	2	24
2344	2209	1	56
2345	2210	1	28
2346	2211	2	61
2347	2212	2	61
2348	2213	1	23
2349	2214	2	56
2350	2215	1	34
2352	2216	1	-9
2353	2217	1	-9
2354	2218	2	29
2355	2219	2	39
2356	2220	1	49
2357	2221	2	40
2358	2222	2	38
2359	2223	2	-9
2360	2224	1	50
2361	2225	1	23
2362	2226	1	72
2363	2227	1	35
2364	2228	2	32
2365	2229	1	23
2366	2230	1	25
2368	2231	2	52
2369	2232	1	35
2370	2233	2	42
2371	2234	2	49
2372	2235	2	52
2373	2236	1	58
2374	2237	2	62
2375	2238	1	-9
2376	2239	2	23
2377	2240	1	54
2378	2241	2	24
2379	2242	1	52
2380	2243	1	24
2381	2244	1	49
2382	2245	1	36
2383	2246	2	65
2384	2247	1	24
2385	2248	2	62
2386	2249	2	37
2387	2250	1	62
2388	2251	1	46
2389	2252	2	34
2390	2253	2	45
2391	2254	1	31
2392	2255	1	47
2393	2256	1	29
2394	2257	2	31
2395	2258	1	27
2396	2259	2	21
2397	2260	2	-9
2398	2261	1	33
2399	2262	2	47
2400	2263	2	34
2401	2264	1	31
2402	2265	2	20
2404	2266	2	-9
2405	2267	2	41
2406	2268	1	28
2407	2269	1	60
2408	2270	1	59
2409	2271	1	-9
2410	2272	1	29
2411	2273	1	60
2412	2274	1	21
2413	2275	1	29
2414	2276	2	43
2415	2277	1	74
2416	2278	2	32
2417	2279	2	21
2418	2280	2	32
2420	2281	2	61
2421	2282	1	21
2422	2283	2	24
2423	2284	1	52
2424	2285	2	30
2425	2286	2	49
2426	2287	2	25
2427	2288	2	47
2429	2289	1	53
2430	2290	1	26
2431	2291	1	40
2432	2292	2	25
2433	2293	1	47
2434	2294	1	59
2435	2295	2	47
2436	2296	2	36
2437	2297	2	61
2438	2298	1	20
2439	2299	1	65
2440	2300	2	47
2441	2301	2	21
2442	2302	2	34
2443	2303	2	42
2444	2304	1	-9
2445	2305	2	22
2446	2306	2	55
2447	2307	2	61
2448	2308	2	25
2449	2309	1	54
2450	2310	1	41
2451	2311	2	31
2453	2312	1	42
2454	2313	2	54
2455	2314	2	24
2456	2315	1	26
2457	2316	2	50
2458	2317	1	-9
2459	2318	2	29
2460	2319	2	50
2461	2320	2	61
2462	2321	1	57
2464	2322	2	56
2465	2323	1	60
2466	2324	2	57
2467	2325	2	44
2468	2326	2	53
2469	2327	1	66
2470	2328	2	23
2471	2329	1	21
2472	2330	1	32
2473	2331	1	28
2474	2332	2	22
2475	2333	1	52
2476	2334	2	64
2477	2335	2	39
2478	2336	2	61
2479	2337	1	35
2480	2338	1	32
2482	2339	2	24
2483	2340	1	23
2484	2341	1	44
2485	2342	2	-9
2487	2343	2	32
2488	2344	1	52
2489	2345	2	60
2490	2346	1	62
2492	2347	2	28
2493	2348	1	50
2494	2349	2	37
2495	2350	2	37
2497	2351	1	47
2498	2352	1	27
2499	2353	1	28
2500	2354	2	27
2502	2355	2	52
2503	2356	2	48
2504	2357	2	32
2505	2358	2	51
2506	2359	2	41
2507	2360	1	30
2508	2361	2	53
2509	2362	2	-9
2510	2363	1	40
2513	2364	1	40
2514	2365	1	63
2516	2366	2	55
2517	2367	1	51
2518	2368	1	76
2519	2369	1	32
2521	2370	1	28
2522	2371	1	40
2523	2372	1	27
2525	2373	2	22
2526	2374	2	51
2527	2375	2	54
2528	2376	1	48
2529	2377	1	71
2530	2378	1	53
2531	2379	1	51
2532	2380	1	62
2533	2381	1	61
2534	2382	1	54
2535	2383	2	48
2536	2384	1	21
2537	2385	2	51
2538	2386	1	20
2539	2387	1	71
2540	2388	1	42
2541	2389	1	-9
2542	2390	1	54
2544	2391	2	-9
2545	2392	1	35
2546	2393	2	-9
2547	2394	2	42
2548	2395	1	46
2549	2396	2	56
2550	2397	1	51
2551	2398	2	38
2552	2399	1	40
2553	2400	1	30
2554	2401	1	21
2555	2402	2	52
2556	2403	2	25
2557	2404	1	40
2558	2405	1	56
2559	2406	2	57
2560	2407	1	68
2561	2408	1	21
2562	2409	1	63
2563	2410	2	29
2564	2411	1	57
2565	2412	1	31
2568	2413	2	31
2569	2414	2	21
2570	2415	2	40
2571	2416	1	33
2572	2417	1	25
2573	2418	2	34
2574	2419	1	25
2575	2420	2	26
2576	2421	1	24
2577	2422	2	41
2578	2423	1	60
2579	2424	1	35
2580	2425	2	21
2581	2426	1	20
2582	2427	1	41
2583	2428	2	24
2584	2429	2	23
2587	2430	1	28
2588	2431	1	62
2589	2432	1	20
2590	2433	2	33
2591	2434	1	30
2592	2435	1	24
2593	2436	1	49
2594	2437	1	55
2596	2438	2	28
2597	2439	2	47
2598	2440	1	41
2599	2441	2	45
2600	2442	2	50
2601	2443	2	29
2602	2444	2	59
2603	2445	2	-9
2604	2446	1	66
2605	2447	1	55
2606	2448	2	54
2607	2449	2	75
2608	2450	1	44
2609	2451	1	-9
2610	2452	2	34
2611	2453	2	39
2613	2454	2	42
2614	2455	2	42
2615	2456	2	27
2616	2457	1	24
2617	2458	2	37
2618	2459	2	58
2619	2460	1	43
2620	2461	2	43
2621	2462	1	48
2622	2463	1	22
2623	2464	1	77
2624	2465	1	22
2625	2466	2	34
2626	2467	1	38
2627	2468	2	20
2628	2469	1	38
2629	2470	1	31
2630	2471	2	36
2631	2472	2	-9
2632	2473	2	20
2633	2474	1	23
2634	2475	2	45
2635	2476	1	42
2636	2477	1	23
2637	2478	2	38
2638	2479	2	39
2639	2480	1	51
2640	2481	1	37
2641	2482	2	54
2643	2483	2	-9
2644	2484	1	26
2645	2485	1	-9
2646	2486	1	31
2647	2487	2	30
2648	2488	2	45
2649	2489	1	28
2650	2490	1	53
2651	2491	2	45
2652	2492	1	43
2653	2493	1	20
2654	2494	1	31
2655	2495	2	22
2656	2496	1	30
2657	2497	2	47
2658	2498	1	41
2659	2499	2	22
2660	2500	1	35
2661	2501	2	36
2662	2502	1	41
2663	2503	1	53
2664	2504	2	40
2665	2505	2	76
2666	2506	2	35
2667	2507	1	25
2668	2508	1	52
2669	2509	1	53
2670	2510	2	57
2671	2511	1	22
2672	2512	1	46
2673	2513	1	-9
2674	2514	2	61
2675	2515	2	64
2677	2516	2	69
2678	2517	2	60
2680	2518	1	32
2681	2519	1	22
2682	2520	1	21
2683	2521	2	36
2684	2522	2	59
2685	2523	1	32
2686	2524	2	20
2687	2525	1	41
2688	2526	1	51
2689	2527	1	49
2690	2528	1	25
2691	2529	1	31
2692	2530	1	55
2693	2531	1	43
2694	2532	1	62
2695	2533	2	48
2696	2534	2	-9
2697	2535	1	52
2698	2536	2	25
2699	2537	2	26
2700	2538	2	23
2701	2539	1	50
2702	2540	2	45
2704	2541	1	54
2705	2542	2	27
2706	2543	2	42
2708	2544	1	25
2709	2545	1	59
2710	2546	1	-9
2711	2547	1	21
2712	2548	2	67
2713	2549	1	43
2714	2550	1	62
2715	2551	1	60
2716	2552	2	36
2717	2553	1	27
2718	2554	2	41
2719	2555	2	32
2720	2556	2	73
2721	2557	1	40
2722	2558	1	24
2723	2559	1	40
2724	2560	1	61
2725	2561	1	43
2726	2562	1	22
2727	2563	2	-9
2728	2564	2	52
2729	2565	1	37
2730	2566	2	52
2731	2567	2	40
2732	2568	2	26
2733	2569	2	35
2734	2570	2	44
2736	2571	1	52
2737	2572	2	24
2738	2573	2	39
2739	2574	2	57
2740	2575	1	54
2741	2576	1	38
2742	2577	2	48
2743	2578	1	48
2744	2579	2	26
2745	2580	2	59
2747	2581	1	26
2748	2582	1	33
2749	2583	1	60
2750	2584	2	25
2751	2585	1	42
2752	2586	1	29
2753	2587	1	29
2754	2588	2	33
2755	2589	2	51
2756	2590	2	77
2757	2591	2	70
2758	2592	1	56
2759	2593	1	20
2760	2594	2	67
2761	2595	2	34
2762	2596	2	20
2763	2597	1	40
2764	2598	2	54
2765	2599	2	65
2766	2600	1	40
2767	2601	2	49
2768	2602	1	53
2769	2603	2	53
2770	2604	1	48
2771	2605	1	25
2772	2606	1	56
2773	2607	1	69
2774	2608	1	53
2775	2609	2	42
2776	2610	2	54
2777	2611	1	32
2778	2612	1	59
2779	2613	1	56
2780	2614	2	35
2781	2615	2	63
2782	2616	2	38
2783	2617	2	36
2784	2618	2	40
2785	2619	2	54
2786	2620	2	31
2787	2621	2	54
2788	2622	2	55
2789	2623	1	26
2790	2624	1	47
2791	2625	2	-9
2792	2626	1	59
2793	2627	1	33
2794	2628	1	52
2795	2629	2	41
2796	2630	2	38
2797	2631	2	42
2799	2632	2	45
2800	2633	2	42
2801	2634	1	71
2802	2635	2	-9
2803	2636	2	39
2804	2637	2	25
2805	2638	2	59
2806	2639	2	28
2807	2640	2	43
2808	2641	2	32
2810	2642	2	49
2811	2643	2	59
2812	2644	1	52
2813	2645	1	28
2814	2646	1	38
2815	2647	1	41
2816	2648	2	61
2817	2649	2	44
2818	2650	1	50
2819	2651	1	40
2820	2652	2	29
2822	2653	2	33
2823	2654	2	69
2824	2655	2	55
2825	2656	1	32
2826	2657	2	-9
2827	2658	2	28
2828	2659	1	40
2829	2660	2	44
2830	2661	1	25
2831	2662	2	70
2832	2663	2	35
2833	2664	1	21
2834	2665	2	30
2835	2666	1	22
2836	2667	1	55
2837	2668	1	56
2838	2669	1	54
2839	2670	1	21
2840	2671	1	20
2841	2672	2	44
2842	2673	1	55
2843	2674	1	35
2844	2675	2	62
2845	2676	2	-9
2846	2677	2	52
2847	2678	2	30
2848	2679	2	56
2849	2680	1	30
2850	2681	1	29
2851	2682	2	72
2852	2683	2	34
2853	2684	2	27
2854	2685	1	32
2855	2686	1	55
2856	2687	1	44
2857	2688	2	39
2858	2689	2	60
2859	2690	1	27
2860	2691	2	36
2861	2692	1	46
2862	2693	1	21
2863	2694	1	55
2864	2695	2	25
2865	2696	1	31
2866	2697	2	31
2867	2698	1	37
2868	2699	1	26
2869	2700	2	54
2870	2701	1	42
2871	2702	2	45
2872	2703	2	39
2873	2704	1	31
2874	2705	2	48
2875	2706	2	65
2876	2707	2	61
2877	2708	1	27
2878	2709	2	26
2879	2710	2	30
2880	2711	2	67
2881	2712	2	38
2882	2713	1	29
2883	2714	2	21
2884	2715	2	75
2885	2716	2	57
2886	2717	1	33
2887	2718	1	-9
2888	2719	1	-9
2889	2720	2	21
2890	2721	2	30
2891	2722	2	46
2892	2723	1	23
2893	2724	2	29
2894	2725	1	42
2895	2726	1	33
2896	2727	1	43
2897	2728	2	38
2898	2729	1	47
2899	2730	2	57
2900	2731	1	27
2901	2732	1	53
2902	2733	1	38
2903	2734	1	-9
2904	2735	2	43
2905	2736	2	20
2906	2737	2	24
2907	2738	2	52
2908	2739	1	45
2909	2740	2	64
2910	2741	2	35
2911	2742	2	-9
2912	2743	2	-9
2913	2744	1	41
2914	2745	1	49
2915	2746	1	25
2916	2747	2	24
2918	2748	1	23
2919	2749	1	34
2920	2750	2	42
2922	2751	1	49
2923	2752	2	51
2926	2753	1	54
2927	2754	1	21
2928	2755	1	38
2930	2756	2	29
2931	2757	1	62
2932	2758	2	55
2933	2759	2	25
2934	2760	2	41
2935	2761	1	-9
2936	2762	1	26
2937	2763	2	32
2938	2764	2	38
2939	2765	2	53
2940	2766	2	57
2942	2767	2	-9
2943	2768	2	46
2944	2769	2	27
2945	2770	2	48
2946	2771	1	62
2947	2772	2	47
2948	2773	1	-9
2949	2774	2	50
2950	2775	2	37
2951	2776	1	-9
2952	2777	2	42
2953	2778	1	51
2954	2779	1	27
2956	2780	1	42
2957	2781	1	41
2958	2782	1	63
2959	2783	2	40
2961	2784	1	29
2962	2785	2	42
2964	2786	2	33
2965	2787	2	53
2966	2788	1	32
2967	2789	2	57
2968	2790	1	50
2969	2791	1	56
2970	2792	1	61
2971	2793	1	39
2972	2794	2	21
2973	2795	2	32
2974	2796	1	49
2975	2797	2	31
2977	2798	1	28
2978	2799	1	59
2979	2800	2	48
2980	2801	1	46
2981	2802	2	77
2982	2803	1	56
2983	2804	2	33
2984	2805	1	35
2985	2806	1	43
2986	2807	2	51
2987	2808	1	60
2988	2809	1	32
2989	2810	1	-9
2990	2811	2	-9
2991	2812	2	-9
2992	2813	1	77
2993	2814	2	54
2994	2815	1	65
2995	2816	1	27
2996	2817	2	26
2997	2818	2	42
2998	2819	2	54
2999	2820	1	-9
3000	2821	1	24
3003	2822	1	59
3004	2823	1	43
3005	2824	2	38
3006	2825	2	72
3010	2826	2	-9
3011	2827	2	33
3012	2828	2	55
3015	2829	2	28
3016	2830	1	61
3017	2831	2	31
3018	2832	1	29
3021	2833	2	55
3022	2834	2	54
3023	2835	1	34
3024	2836	2	63
3025	2837	1	32
3026	2838	2	34
3027	2839	1	61
3028	2840	1	30
3029	2841	1	35
3030	2842	2	31
3031	2843	2	24
3032	2844	2	57
3033	2845	2	24
3034	2846	2	36
3035	2847	2	35
3036	2848	1	64
3037	2849	1	43
3038	2850	2	40
3039	2851	1	52
3040	2852	2	41
3041	2853	2	58
3042	2854	2	59
3043	2855	1	23
3044	2856	2	38
3045	2857	1	72
3046	2858	1	38
3047	2859	1	-9
3048	2860	1	43
3049	2861	2	22
3050	2862	1	44
3051	2863	1	25
3052	2864	2	28
3053	2865	1	22
3054	2866	1	41
3055	2867	2	31
3057	2868	2	64
3058	2869	2	31
3059	2870	2	-9
3060	2871	2	34
3061	2872	2	64
3062	2873	2	25
3063	2874	1	25
3064	2875	2	26
3065	2876	1	25
3066	2877	2	47
3067	2878	1	66
3068	2879	2	32
3069	2880	1	24
3070	2881	1	-9
3071	2882	1	23
3072	2883	1	36
3073	2884	2	26
3074	2885	2	-9
3075	2886	1	58
3076	2887	1	37
3077	2888	1	60
3078	2889	1	57
3079	2890	2	42
3080	2891	2	-9
3081	2892	1	25
3083	2893	1	59
3084	2894	1	49
3085	2895	1	-9
3086	2896	1	32
3087	2897	2	21
3089	2898	1	31
3090	2899	2	23
3091	2900	2	40
3092	2901	2	35
3093	2902	1	52
3094	2903	2	63
3095	2904	2	29
3096	2905	1	63
3097	2906	1	37
3098	2907	1	27
3099	2908	1	27
3100	2909	2	54
3101	2910	1	33
3102	2911	1	58
3103	2912	2	-9
3104	2913	2	45
3105	2914	2	42
3106	2915	1	27
3107	2916	1	53
3108	2917	2	29
3110	2918	2	61
3111	2919	2	21
3112	2920	1	23
3113	2921	1	24
3114	2922	2	42
3115	2923	1	45
3116	2924	2	57
3117	2925	2	42
3118	2926	2	64
3119	2927	2	56
3120	2928	1	23
3121	2929	1	40
3122	2930	2	55
3123	2931	1	21
3124	2932	1	32
3125	2933	1	40
3126	2934	1	23
3127	2935	2	44
3128	2936	1	33
3129	2937	1	22
3130	2938	2	27
3131	2939	2	48
3132	2940	2	41
3133	2941	1	73
3134	2942	1	-9
3135	2943	2	57
3136	2944	2	28
3137	2945	1	26
3138	2946	1	46
3139	2947	1	60
3140	2948	2	49
3141	2949	1	30
3142	2950	2	55
3143	2951	2	38
3144	2952	1	34
3145	2953	1	55
3146	2954	1	50
3147	2955	1	56
3148	2956	2	55
3149	2957	1	23
3151	2958	2	51
3152	2959	2	35
3153	2960	2	51
3154	2961	2	46
3155	2962	1	77
3156	2963	2	41
3157	2964	2	35
3158	2965	1	62
3159	2966	2	-9
3160	2967	1	22
3162	2968	2	-9
3163	2969	2	21
3164	2970	2	68
3165	2971	2	28
3166	2972	1	36
3167	2973	2	28
3168	2974	2	51
3169	2975	2	49
3170	2976	2	29
3171	2977	2	23
3172	2978	2	54
3173	2979	1	20
3174	2980	2	25
3175	2981	2	23
3176	2982	1	48
3177	2983	1	44
3178	2984	1	55
3179	2985	2	76
3180	2986	1	54
3181	2987	1	73
3182	2988	1	38
3183	2989	1	32
3184	2990	2	58
3185	2991	1	34
3186	2992	2	25
3187	2993	1	62
3188	2994	2	46
3189	2995	1	20
3191	2996	1	25
3192	2997	1	38
3193	2998	1	-9
3194	2999	2	46
3195	3000	1	21
3196	3001	2	49
3197	3002	1	25
3198	3003	2	-9
3199	3004	2	72
3200	3005	1	37
3201	3006	2	57
3202	3007	1	53
3203	3008	2	35
3205	3009	2	25
3206	3010	2	32
3207	3011	2	39
3208	3012	2	34
3209	3013	2	34
3210	3014	1	20
3211	3015	2	-9
3212	3016	1	47
3213	3017	2	52
3214	3018	2	42
3215	3019	2	61
3216	3020	2	36
3217	3021	1	48
3218	3022	2	68
3219	3023	2	54
3220	3024	2	-9
3221	3025	1	31
3222	3026	2	20
3223	3027	1	27
3224	3028	1	56
3225	3029	1	23
3226	3030	1	66
3227	3031	2	42
3228	3032	1	37
3229	3033	2	24
3230	3034	2	69
3231	3035	1	20
3232	3036	2	46
3233	3037	1	-9
3234	3038	1	49
3235	3039	1	63
3236	3040	2	24
3237	3041	2	21
3238	3042	2	-9
3239	3043	2	52
3241	3044	2	29
3242	3045	2	56
3244	3046	2	-9
3245	3047	2	47
3246	3048	1	33
3247	3049	2	33
3248	3050	1	-9
3249	3051	1	44
3250	3052	1	52
3251	3053	2	-9
3252	3054	1	56
3253	3055	1	33
3254	3056	2	21
3255	3057	1	39
3256	3058	1	61
3258	3059	1	27
3259	3060	2	75
3260	3061	1	40
3261	3062	1	55
3262	3063	1	45
3263	3064	2	37
3264	3065	2	44
3265	3066	2	65
3266	3067	2	62
3267	3068	1	56
3268	3069	1	32
3269	3070	1	29
3270	3071	2	29
3271	3072	2	24
3272	3073	2	28
3273	3074	1	51
3274	3075	1	61
3275	3076	2	38
3277	3077	1	51
3278	3078	2	58
3279	3079	2	26
3280	3080	2	56
3281	3081	2	31
3282	3082	1	29
3283	3083	2	58
3284	3084	1	32
3285	3085	2	66
3286	3086	2	26
3287	3087	1	28
3288	3088	2	43
3289	3089	1	28
3290	3090	1	57
3291	3091	2	24
3292	3092	2	35
3293	3093	1	29
3294	3094	1	51
3295	3095	2	43
3296	3096	2	47
3297	3097	1	22
3298	3098	1	-9
3299	3099	1	23
3300	3100	2	41
3301	3101	2	32
3303	3102	1	26
3304	3103	1	32
3305	3104	1	50
3306	3105	2	21
3307	3106	2	36
3308	3107	1	44
3309	3108	1	51
3310	3109	2	56
3311	3110	1	-9
3312	3111	2	56
3313	3112	2	22
3314	3113	2	42
3315	3114	1	51
3316	3115	2	57
3317	3116	2	61
3318	3117	1	-9
3319	3118	2	31
3320	3119	2	45
3321	3120	1	22
3322	3121	2	60
3323	3122	2	44
3324	3123	1	39
3326	3124	1	51
3327	3125	1	28
3328	3126	1	36
3329	3127	1	22
3330	3128	2	35
3331	3129	1	29
3332	3130	1	50
3333	3131	1	-9
3334	3132	1	22
3335	3133	1	40
3336	3134	2	22
3337	3135	2	-9
3338	3136	1	57
3339	3137	2	24
3340	3138	1	63
3341	3139	1	62
3342	3140	1	47
3343	3141	1	64
3344	3142	2	20
3345	3143	2	41
3347	3144	2	34
3348	3145	1	32
3349	3146	1	32
3350	3147	2	60
3351	3148	2	26
3352	3149	2	33
3353	3150	1	61
3354	3151	2	57
3355	3152	1	47
3356	3153	2	24
3357	3154	2	66
3358	3155	2	41
3359	3156	1	74
3360	3157	1	62
3361	3158	1	59
3362	3159	1	36
3363	3160	2	75
3364	3161	1	56
3365	3162	2	62
3366	3163	1	41
3367	3164	1	34
3368	3165	2	58
3369	3166	1	22
3370	3167	2	45
3371	3168	2	24
3372	3169	1	33
3373	3170	2	48
3374	3171	2	21
3375	3172	1	42
3376	3173	1	28
3377	3174	2	47
3378	3175	1	40
3379	3176	1	57
3380	3177	2	56
3381	3178	2	65
3382	3179	1	22
3383	3180	2	24
3384	3181	2	69
3385	3182	1	36
3386	3183	1	59
3387	3184	2	65
3388	3185	2	50
3389	3186	1	23
3390	3187	1	43
3391	3188	2	44
3392	3189	1	77
3393	3190	1	53
3394	3191	2	21
3395	3192	2	-9
3396	3193	1	23
3397	3194	2	48
3398	3195	1	-9
3400	3196	1	62
3401	3197	2	51
3403	3198	2	26
3404	3199	2	56
3405	3200	2	21
3406	3201	1	26
3407	3202	1	50
3408	3203	1	46
3409	3204	1	32
3410	3205	2	66
3411	3206	2	60
3412	3207	2	23
3413	3208	1	36
3414	3209	2	49
3415	3210	2	68
3416	3211	2	23
3417	3212	2	53
3418	3213	1	29
3419	3214	2	30
3420	3215	2	23
3421	3216	1	67
3422	3217	1	70
3423	3218	1	23
3424	3219	1	29
3425	3220	1	37
3426	3221	1	37
3427	3222	2	66
3428	3223	2	27
3429	3224	2	57
3430	3225	1	20
3431	3226	2	45
3432	3227	2	-9
3433	3228	2	-9
3434	3229	1	28
3435	3230	2	65
3436	3231	1	32
3438	3232	2	35
3439	3233	2	38
3441	3234	2	53
3443	3235	2	27
3444	3236	1	44
3445	3237	1	33
3446	3238	2	25
3447	3239	1	52
3450	3240	1	-9
3451	3241	2	47
3452	3242	2	49
3453	3243	2	21
3454	3244	1	73
3455	3245	1	40
3456	3246	2	64
3457	3247	1	51
3458	3248	2	54
3459	3249	2	55
3460	3250	2	56
3461	3251	2	41
3462	3252	2	24
3463	3253	2	37
3464	3254	1	28
3465	3255	2	76
3466	3256	1	36
3467	3257	1	40
3468	3258	2	77
3469	3259	1	27
3470	3260	2	32
3472	3261	1	52
3474	3262	2	73
3475	3263	2	20
3476	3264	2	50
3477	3265	1	-9
3478	3266	1	32
3479	3267	2	63
3480	3268	1	46
3481	3269	2	44
3482	3270	1	27
3483	3271	1	39
3484	3272	2	-9
3485	3273	2	39
3486	3274	2	41
3487	3275	1	39
3488	3276	1	28
3490	3277	2	61
3491	3278	1	39
3492	3279	2	51
3493	3280	1	62
3494	3281	2	59
3495	3282	2	-9
3496	3283	1	37
3497	3284	1	54
3498	3285	2	49
3499	3286	2	25
3500	3287	1	42
3501	3288	2	35
3503	3289	2	38
3504	3290	2	21
3505	3291	1	20
3506	3292	1	28
3507	3293	1	25
3508	3294	1	61
3509	3295	2	29
3510	3296	1	55
3511	3297	2	54
3512	3298	2	25
3513	3299	1	34
3514	3300	1	62
3515	3301	2	45
3516	3302	2	33
3517	3303	2	33
3518	3304	2	28
3519	3305	1	26
3521	3306	1	57
3522	3307	2	-9
3523	3308	1	54
3524	3309	1	25
3525	3310	1	59
3526	3311	1	38
3527	3312	1	-9
3528	3313	2	45
3529	3314	1	67
3530	3315	2	47
3531	3316	1	21
3532	3317	1	40
3533	3318	1	23
3534	3319	2	47
3535	3320	1	30
3536	3321	2	60
3537	3322	2	47
3538	3323	2	40
3539	3324	2	52
3540	3325	2	25
3541	3326	1	59
3542	3327	1	38
3543	3328	1	51
3544	3329	1	51
3545	3330	2	22
3546	3331	2	64
3547	3332	2	57
3548	3333	2	29
3549	3334	1	62
3550	3335	1	33
3551	3336	1	61
3552	3337	1	57
3554	3338	2	-9
3555	3339	2	-9
3556	3340	1	54
3557	3341	2	45
3558	3342	1	63
3559	3343	1	21
3560	3344	2	57
3561	3345	1	24
3562	3346	2	47
3563	3347	2	52
3564	3348	2	24
3565	3349	2	73
3566	3350	2	33
3567	3351	1	-9
3568	3352	2	55
3569	3353	1	25
3570	3354	1	43
3571	3355	1	59
3573	3356	1	24
3574	3357	2	62
3575	3358	2	47
3576	3359	1	37
3577	3360	2	27
3578	3361	1	52
3579	3362	1	27
3580	3363	2	68
3581	3364	1	42
3582	3365	2	36
3583	3366	2	24
3584	3367	1	-9
3585	3368	2	57
3586	3369	2	58
3588	3370	1	23
3589	3371	2	20
3590	3372	1	-9
3591	3373	2	37
3592	3374	1	51
3593	3375	1	31
3594	3376	1	50
3595	3377	1	31
3596	3378	2	31
3597	3379	2	22
3598	3380	1	33
3599	3381	1	30
3600	3382	2	64
3601	3383	1	52
3602	3384	2	23
3603	3385	1	49
3604	3386	2	23
3606	3387	1	61
3607	3388	1	20
3608	3389	1	22
3609	3390	2	32
3610	3391	2	74
3611	3392	1	37
3612	3393	1	-9
3613	3394	2	41
3614	3395	1	-9
3615	3396	2	32
3616	3397	2	27
3617	3398	1	51
3618	3399	2	35
3619	3400	2	25
3620	3401	1	31
3621	3402	1	54
3622	3403	2	63
3623	3404	1	34
3624	3405	2	37
3625	3406	1	59
3627	3407	2	26
3628	3408	2	50
3629	3409	2	21
3630	3410	2	24
3631	3411	1	67
3632	3412	2	33
3633	3413	1	40
3634	3414	1	29
3635	3415	1	50
3636	3416	2	65
3637	3417	1	67
3638	3418	1	47
3640	3419	1	57
3641	3420	2	30
3642	3421	2	20
3643	3422	2	37
3644	3423	1	53
3645	3424	2	39
3646	3425	1	27
3647	3426	2	39
3648	3427	2	39
3649	3428	2	24
3650	3429	2	27
3651	3430	2	58
3652	3431	1	35
3653	3432	2	51
3654	3433	2	25
3655	3434	2	30
3656	3435	1	49
3657	3436	2	52
3658	3437	1	32
3659	3438	1	69
3660	3439	1	57
3661	3440	2	38
3662	3441	1	-9
3663	3442	2	23
3664	3443	2	30
3665	3444	2	32
3666	3445	1	57
3667	3446	1	42
3668	3447	1	37
3669	3448	1	41
3670	3449	2	46
3671	3450	1	55
3672	3451	2	76
3673	3452	2	46
3674	3453	2	29
3675	3454	2	49
3676	3455	1	20
3677	3456	2	31
3678	3457	2	69
3679	3458	2	26
3680	3459	1	-9
3681	3460	2	61
3682	3461	1	34
3683	3462	2	35
3684	3463	1	56
3685	3464	1	21
3686	3465	2	56
3687	3466	1	55
3688	3467	1	67
3689	3468	1	49
3691	3469	1	43
3692	3470	1	45
3693	3471	1	23
3695	3472	2	63
3696	3473	2	22
3697	3474	1	47
3698	3475	1	28
3700	3476	2	35
3701	3477	1	27
3702	3478	2	68
3703	3479	1	22
3704	3480	1	39
3705	3481	1	54
3706	3482	2	54
3707	3483	1	55
3708	3484	1	63
3709	3485	2	-9
3710	3486	2	20
3711	3487	1	20
3712	3488	2	24
3714	3489	2	30
3715	3490	1	33
3716	3491	1	46
3717	3492	2	-9
3718	3493	2	55
3719	3494	2	38
3720	3495	1	51
3721	3496	1	37
3722	3497	1	-9
3723	3498	2	49
3724	3499	1	25
3725	3500	2	40
3726	3501	1	44
3727	3502	2	28
3728	3503	2	59
3729	3504	1	61
3730	3505	1	23
3731	3506	2	63
3732	3507	2	24
3733	3508	2	62
3734	3509	2	33
3735	3510	2	37
3736	3511	1	40
3737	3512	2	42
3738	3513	2	35
3739	3514	2	55
3740	3515	1	32
3741	3516	1	49
3742	3517	1	50
3744	3518	2	22
3745	3519	2	58
3746	3520	1	32
3747	3521	1	31
3748	3522	1	46
3749	3523	1	55
3750	3524	1	38
3751	3525	1	51
3752	3526	1	28
3753	3527	1	66
3754	3528	2	48
3755	3529	1	48
3757	3530	2	32
3758	3531	2	-9
3759	3532	2	64
3760	3533	1	47
3761	3534	2	21
3762	3535	2	20
3763	3536	2	54
3764	3537	1	57
3765	3538	2	26
3766	3539	2	41
3767	3540	2	37
3768	3541	1	39
3769	3542	2	66
3770	3543	1	31
3771	3544	2	66
3772	3545	1	51
3773	3546	1	52
3774	3547	1	31
3775	3548	1	54
3776	3549	2	-9
3777	3550	2	38
3778	3551	2	33
3779	3552	1	25
3780	3553	2	66
3781	3554	2	64
3782	3555	2	62
3783	3556	1	24
3785	3557	2	43
3786	3558	2	60
3787	3559	2	22
3788	3560	1	-9
3789	3561	2	45
3790	3562	1	-9
3791	3563	1	35
3792	3564	2	68
3793	3565	2	27
3794	3566	2	48
3795	3567	2	58
3797	3568	1	59
3798	3569	2	31
3799	3570	1	23
3800	3571	1	45
3801	3572	2	42
3803	3573	1	48
3804	3574	1	27
3805	3575	1	-9
3806	3576	2	52
3807	3577	2	55
3809	3578	1	53
3810	3579	2	61
3811	3580	2	37
3812	3581	1	42
3813	3582	1	-9
3814	3583	2	26
3815	3584	1	37
3816	3585	1	45
3817	3586	1	66
3818	3587	2	47
3819	3588	1	21
3820	3589	2	34
3821	3590	2	28
3822	3591	1	26
3823	3592	2	52
3824	3593	1	46
3825	3594	1	72
3826	3595	1	31
3827	3596	1	42
3828	3597	2	39
3829	3598	1	35
3831	3599	1	23
3832	3600	2	-9
3833	3601	1	25
3834	3602	1	35
3835	3603	2	40
3836	3604	1	27
3837	3605	2	42
3838	3606	2	-9
3840	3607	2	73
3841	3608	1	66
3842	3609	1	28
3843	3610	2	52
3844	3611	1	69
3845	3612	2	45
3846	3613	2	57
3847	3614	1	43
3848	3615	2	32
3849	3616	1	52
3850	3617	2	31
3851	3618	1	62
3852	3619	2	51
3854	3620	2	52
3855	3621	2	43
3856	3622	1	21
3857	3623	2	60
3858	3624	1	42
3859	3625	2	63
3860	3626	2	59
3861	3627	1	41
3862	3628	1	-9
3863	3629	1	-9
3864	3630	2	23
3865	3631	2	38
3866	3632	1	53
3867	3633	2	39
3868	3634	2	38
3869	3635	1	42
3870	3636	2	32
3871	3637	2	55
3872	3638	1	39
3873	3639	1	28
3874	3640	1	31
3875	3641	2	51
3876	3642	1	46
3877	3643	2	23
3878	3644	1	-9
3879	3645	2	32
3880	3646	2	45
3881	3647	1	25
3882	3648	2	72
3883	3649	2	28
3884	3650	1	32
3885	3651	2	45
3886	3652	1	31
3887	3653	1	-9
3888	3654	1	57
3889	3655	2	48
3890	3656	1	23
3891	3657	1	26
3892	3658	2	-9
3893	3659	2	62
3894	3660	2	32
3895	3661	1	25
3896	3662	1	27
3897	3663	2	28
3898	3664	1	38
3899	3665	2	41
3900	3666	1	-9
3901	3667	1	31
3902	3668	1	54
3903	3669	1	38
3904	3670	2	49
3905	3671	1	21
3906	3672	2	54
3907	3673	1	31
3908	3674	2	-9
3909	3675	2	21
3910	3676	2	53
3911	3677	1	62
3912	3678	1	-9
3913	3679	1	24
3914	3680	2	24
3915	3681	2	32
3916	3682	2	56
3917	3683	1	47
3918	3684	1	32
3919	3685	2	33
3920	3686	2	47
3921	3687	1	28
3922	3688	2	-9
3923	3689	1	49
3924	3690	1	35
3925	3691	2	33
3926	3692	2	38
3927	3693	1	60
3928	3694	2	65
3929	3695	2	30
3930	3696	2	43
3931	3697	1	33
3932	3698	2	26
3933	3699	1	67
3934	3700	2	-9
3935	3701	2	23
3936	3702	1	-9
3937	3703	2	22
3938	3704	1	31
3939	3705	1	56
3940	3706	2	33
3941	3707	2	63
3942	3708	2	56
3943	3709	1	69
3944	3710	2	43
3945	3711	2	45
3947	3712	1	-9
3948	3713	1	-9
3949	3714	1	23
3950	3715	2	20
3952	3716	2	25
3953	3717	2	48
3954	3718	2	-9
3956	3719	2	35
3959	3720	2	39
3960	3721	1	63
3961	3722	2	65
3962	3723	2	-9
3963	3724	1	22
3964	3725	2	62
3965	3726	1	46
3966	3727	1	54
3967	3728	1	28
3968	3729	2	58
3969	3730	2	37
3970	3731	2	-9
3971	3732	1	31
3972	3733	2	69
3973	3734	2	43
3974	3735	1	38
3975	3736	2	27
3976	3737	2	21
3977	3738	2	46
3978	3739	2	35
3979	3740	1	-9
3980	3741	1	20
3981	3742	1	42
3982	3743	1	26
3983	3744	2	62
3984	3745	1	31
3985	3746	2	53
3986	3747	2	62
3987	3748	2	44
3989	3749	2	40
3990	3750	1	22
3991	3751	1	30
3992	3752	2	48
3993	3753	1	47
3994	3754	1	74
3995	3755	2	54
3996	3756	2	40
3997	3757	1	41
3999	3758	2	20
4000	3759	2	51
4001	3760	1	23
4002	3761	1	29
4003	3762	2	26
4004	3763	1	34
4005	3764	2	30
4006	3765	1	25
4007	3766	1	47
4008	3767	1	-9
4009	3768	2	25
4010	3769	1	47
4011	3770	2	31
4012	3771	2	33
4013	3772	1	74
4014	3773	2	36
4015	3774	1	26
4016	3775	2	56
4017	3776	2	21
4018	3777	1	56
4019	3778	1	21
4020	3779	1	37
4021	3780	2	52
4022	3781	2	50
4023	3782	1	65
4024	3783	1	65
4025	3784	1	53
4026	3785	1	48
4027	3786	2	-9
4028	3787	1	53
4030	3788	1	39
4031	3789	1	32
4032	3790	1	32
4033	3791	2	38
4034	3792	1	69
4035	3793	2	30
4036	3794	1	24
4037	3795	1	41
4038	3796	2	46
4039	3797	1	-9
4040	3798	1	25
4041	3799	2	31
4042	3800	1	50
4043	3801	2	37
4044	3802	1	29
4045	3803	1	59
4047	3804	2	20
4048	3805	2	66
4049	3806	1	56
4050	3807	2	50
4051	3808	2	40
4052	3809	2	52
4053	3810	2	52
4054	3811	2	28
4055	3812	1	68
4056	3813	1	58
4057	3814	2	28
4058	3815	2	55
4059	3816	1	29
4060	3817	1	70
4061	3818	2	27
4062	3819	1	26
4063	3820	2	48
4064	3821	1	41
4065	3822	2	62
4066	3823	1	-9
4068	3824	1	33
4070	3825	2	24
4071	3826	2	38
4073	3827	2	76
4075	3828	2	24
4078	3829	2	60
4079	3830	1	36
4080	3831	2	34
4081	3832	1	61
4082	3833	2	21
4083	3834	2	72
4084	3835	1	57
4085	3836	2	41
4086	3837	2	20
4087	3838	1	67
4088	3839	1	61
4089	3840	2	22
4090	3841	1	22
4091	3842	2	74
4092	3843	1	40
4093	3844	2	37
4094	3845	2	73
4095	3846	2	22
4096	3847	1	26
4097	3848	2	31
4098	3849	1	30
4099	3850	1	31
4100	3851	1	23
4101	3852	1	30
4102	3853	2	62
4103	3854	1	50
4106	3855	1	49
4107	3856	2	28
4108	3857	2	44
4109	3858	2	71
4110	3859	1	31
4111	3860	1	59
4112	3861	2	66
4113	3862	1	49
4114	3863	2	25
4115	3864	1	22
4116	3865	1	20
4117	3866	2	29
4118	3867	2	56
4119	3868	1	47
4120	3869	1	26
4121	3870	1	30
4122	3871	1	53
4123	3872	1	46
4124	3873	1	48
4125	3874	2	30
4126	3875	2	42
4127	3876	1	21
4128	3877	1	43
4129	3878	2	29
4130	3879	2	75
4131	3880	2	58
4132	3881	2	57
4133	3882	2	64
4134	3883	1	21
4135	3884	2	40
4136	3885	1	-9
4137	3886	2	63
4139	3887	2	20
4140	3888	2	28
4141	3889	1	28
4142	3890	1	42
4144	3891	2	70
4145	3892	1	28
4147	3893	2	35
4148	3894	1	30
4149	3895	2	22
4150	3896	2	26
4151	3897	2	46
4153	3898	1	42
4154	3899	2	52
4155	3900	1	39
4156	3901	1	25
4157	3902	2	-9
4159	3903	1	20
4160	3904	2	65
4161	3905	2	54
4164	3906	1	22
4166	3907	1	24
4167	3908	1	63
4168	3909	2	50
4170	3910	2	55
4171	3911	1	22
4172	3912	1	54
4173	3913	2	52
4174	3914	1	33
4175	3915	2	-9
4177	3916	2	22
4179	3917	2	27
4181	3918	1	58
4185	3919	2	66
4186	3920	2	60
4188	3921	2	56
4189	3922	2	58
4190	3923	2	55
4191	3924	1	50
4193	3925	2	20
4194	3926	2	52
4196	3927	1	50
4197	3928	1	29
4199	3929	2	75
4201	3930	1	58
4202	3931	2	41
4204	3932	2	28
4205	3933	2	62
4206	3934	1	32
4207	3935	2	27
4209	3936	2	65
4210	3937	1	31
4211	3938	1	47
4212	3939	2	26
4213	3940	2	34
4214	3941	2	28
4217	3942	2	32
4218	3943	2	31
4220	3944	2	35
4221	3945	2	38
4222	3946	2	48
4227	3947	1	23
4229	3948	1	55
4230	3949	2	29
4231	3950	1	58
4235	3951	1	43
4236	3952	2	58
4238	3953	2	58
4239	3954	2	42
4240	3955	2	43
4243	3956	2	41
4244	3957	2	23
4245	3958	1	37
4246	3959	2	21
4247	3960	2	26
4248	3961	1	46
4249	3962	1	33
4250	3963	2	-9
4251	3964	1	62
4252	3965	2	58
4254	3966	1	20
4255	3967	2	41
4256	3968	2	65
4257	3969	1	55
4258	3970	2	36
4260	3971	2	28
4261	3972	2	-9
4262	3973	2	31
4263	3974	2	71
4264	3975	2	51
4266	3976	1	68
4267	3977	2	30
4268	3978	2	-9
4270	3979	1	76
4271	3980	1	70
4272	3981	2	48
4274	3982	1	66
4275	3983	2	40
4276	3984	2	37
4277	3985	2	50
4279	3986	2	56
4280	3987	2	55
4281	3988	2	72
4282	3989	2	25
4283	3990	2	47
4284	3991	1	59
4285	3992	2	65
4287	3993	2	46
4288	3994	2	71
4289	3995	2	22
4290	3996	2	45
4291	3997	2	24
4292	3998	1	66
4293	3999	2	23
4294	4000	2	29
4296	4001	2	-9
4297	4002	2	21
4300	4003	1	51
4303	4004	2	27
4305	4005	2	69
4306	4006	2	-9
4307	4007	2	50
4308	4008	2	23
4310	4009	1	42
4311	4010	2	23
4313	4011	2	37
4314	4012	2	52
4317	4013	2	46
4318	4014	2	66
4319	4015	2	28
4321	4016	2	23
4322	4017	1	52
4323	4018	1	58
4325	4019	1	48
4326	4020	1	56
4327	4021	1	27
4328	4022	1	32
4329	4023	2	43
4330	4024	1	20
4331	4025	1	66
4332	4026	2	-9
4333	4027	2	26
4334	4028	2	49
4335	4029	2	35
4336	4030	2	69
4337	4031	1	70
4338	4032	1	27
4340	4033	1	20
4341	4034	1	54
4342	4035	1	31
4343	4036	2	30
4344	4037	1	28
4345	4038	1	39
4346	4039	2	21
4347	4040	2	32
4348	4041	2	20
4349	4042	2	71
4350	4043	2	36
4351	4044	1	36
4352	4045	2	33
4353	4046	1	24
4354	4047	2	30
4355	4048	2	39
4356	4049	1	31
4357	4050	2	27
4358	4051	2	69
4359	4052	1	61
4360	4053	2	25
4361	4054	2	35
4363	4055	2	32
4364	4056	2	56
4366	4057	2	67
4367	4058	2	52
4368	4059	2	-9
4369	4060	2	61
4371	4061	1	37
4372	4062	2	47
4373	4063	1	51
4374	4064	1	27
4375	4065	1	39
4376	4066	1	27
4377	4067	1	62
4378	4068	2	47
4379	4069	2	51
4380	4070	2	51
4381	4071	1	44
4383	4072	1	37
4384	4073	2	55
4385	4074	1	-9
4386	4075	2	53
4387	4076	1	52
4389	4077	1	55
4390	4078	1	-9
4392	4079	2	63
4393	4080	2	34
4394	4081	2	65
4395	4082	1	61
4396	4083	1	24
4397	4084	1	40
4398	4085	2	31
4399	4086	2	27
4400	4087	2	61
4401	4088	2	39
4402	4089	1	35
4403	4090	1	22
4406	4091	2	65
4407	4092	2	60
4408	4093	1	39
4409	4094	1	46
4410	4095	1	64
4411	4096	2	48
4412	4097	1	72
4413	4098	2	47
4414	4099	1	58
4417	4100	2	38
4418	4101	1	60
4419	4102	1	33
4420	4103	2	27
4421	4104	2	-9
4422	4105	2	24
4424	4106	2	64
4425	4107	1	37
4426	4108	1	36
4427	4109	2	75
4428	4110	2	48
4429	4111	2	43
4430	4112	2	56
4431	4113	1	49
4432	4114	2	42
4433	4115	1	61
4434	4116	2	28
4435	4117	2	34
4436	4118	2	71
4437	4119	2	31
4438	4120	1	74
4439	4121	2	21
4441	4122	2	59
4442	4123	2	55
4444	4124	1	50
4445	4125	1	41
4446	4126	2	49
4447	4127	1	58
4448	4128	2	52
4449	4129	1	20
4450	4130	2	31
4451	4131	2	58
4453	4132	2	53
4454	4133	2	59
4457	4134	2	31
4458	4135	1	24
4459	4136	1	54
4460	4137	2	31
4461	4138	1	59
4462	4139	1	29
4463	4140	2	65
4464	4141	2	21
4466	4142	1	30
4467	4143	1	32
4468	4144	1	27
4469	4145	1	42
4471	4146	1	36
4472	4147	1	62
4473	4148	1	23
4474	4149	2	67
4475	4150	2	33
4476	4151	1	43
4477	4152	2	64
4478	4153	1	37
4479	4154	2	58
4480	4155	1	-9
4481	4156	1	26
4483	4157	1	-9
4484	4158	1	66
4485	4159	2	29
4486	4160	2	43
4487	4161	2	56
4488	4162	2	42
4489	4163	2	32
4490	4164	1	36
4491	4165	1	21
4492	4166	1	20
4493	4167	2	49
4494	4168	1	27
4495	4169	2	38
4496	4170	2	56
4497	4171	2	58
4498	4172	2	60
4499	4173	1	42
4500	4174	2	49
4501	4175	2	35
4502	4176	1	49
4503	4177	2	48
4504	4178	1	26
4505	4179	2	21
4507	4180	2	67
4508	4181	2	46
4509	4182	1	28
4510	4183	2	62
4512	4184	2	34
4513	4185	1	74
4515	4186	1	20
4516	4187	1	57
4517	4188	2	56
4518	4189	2	24
4519	4190	1	38
4520	4191	1	20
4521	4192	2	51
4523	4193	2	28
4525	4194	2	36
4526	4195	2	-9
4527	4196	1	72
4528	4197	2	54
4529	4198	1	42
4530	4199	1	26
4531	4200	2	40
4532	4201	2	71
4533	4202	2	30
4534	4203	1	31
4535	4204	1	33
4536	4205	1	37
4537	4206	2	32
4538	4207	2	26
4539	4208	2	33
4540	4209	1	-9
4541	4210	1	35
4542	4211	2	33
4543	4212	2	23
4544	4213	1	53
4545	4214	1	27
4546	4215	1	33
4547	4216	2	62
4550	4217	2	37
4551	4218	2	-9
4552	4219	2	34
4553	4220	2	44
4554	4221	1	38
4555	4222	1	20
4558	4223	1	29
4559	4224	2	-9
4560	4225	2	38
4561	4226	1	-9
4562	4227	2	46
4563	4228	2	35
4564	4229	1	26
4565	4230	1	57
4566	4231	2	39
4567	4232	2	29
4568	4233	1	36
4569	4234	2	62
4570	4235	2	36
4571	4236	1	34
4572	4237	1	54
4573	4238	1	26
4574	4239	1	36
4575	4240	1	69
4576	4241	1	62
4577	4242	1	44
4578	4243	1	20
4579	4244	2	51
4581	4245	1	57
4582	4246	2	42
4583	4247	1	-9
4584	4248	1	26
4585	4249	2	56
4586	4250	1	52
4587	4251	1	77
4588	4252	1	32
4589	4253	1	37
4590	4254	2	65
4592	4255	1	66
4593	4256	1	58
4594	4257	2	25
4595	4258	1	-9
4596	4259	2	58
4597	4260	1	60
4598	4261	1	77
4599	4262	2	68
4600	4263	2	45
4601	4264	2	36
4602	4265	2	28
4603	4266	1	26
4604	4267	2	43
4605	4268	2	34
4606	4269	1	53
4607	4270	1	64
4608	4271	2	41
4609	4272	1	43
4610	4273	2	48
4611	4274	1	75
4612	4275	1	48
4613	4276	2	27
4614	4277	2	41
4615	4278	2	44
4616	4279	2	68
4617	4280	2	25
4618	4281	2	26
4619	4282	1	37
4620	4283	2	55
4623	4284	1	54
4624	4285	2	32
4625	4286	2	22
4626	4287	1	77
4627	4288	1	22
4628	4289	1	67
4629	4290	2	-9
4630	4291	1	57
4631	4292	1	47
4632	4293	2	58
4633	4294	1	50
4634	4295	1	60
4635	4296	2	33
4636	4297	1	-9
4637	4298	2	23
4638	4299	2	47
4639	4300	2	52
4640	4301	2	75
4641	4302	2	34
4642	4303	1	34
4644	4304	2	30
4645	4305	1	50
4646	4306	2	20
4647	4307	2	67
4648	4308	2	35
4649	4309	1	43
4650	4310	1	29
4651	4311	2	32
4652	4312	1	25
4653	4313	1	27
4654	4314	1	76
4655	4315	2	61
4657	4316	1	60
4658	4317	1	28
4659	4318	2	23
4660	4319	2	65
4661	4320	2	23
4662	4321	1	22
4663	4322	1	28
4664	4323	1	34
4665	4324	1	30
4666	4325	1	43
4667	4326	1	50
4668	4327	2	42
4669	4328	2	28
4670	4329	1	38
4671	4330	1	44
4672	4331	1	40
4673	4332	1	48
4674	4333	2	46
4675	4334	2	32
4676	4335	1	35
4677	4336	1	55
4678	4337	1	64
4679	4338	2	24
4680	4339	2	44
4681	4340	1	27
4682	4341	2	43
4683	4342	2	67
4684	4343	1	30
4685	4344	1	-9
4686	4345	1	46
4687	4346	1	30
4688	4347	1	21
4690	4348	1	27
4691	4349	1	48
4692	4350	2	48
4693	4351	1	75
4694	4352	1	58
4695	4353	2	35
4696	4354	1	38
4698	4355	2	59
4699	4356	2	32
4700	4357	1	55
4701	4358	1	31
4702	4359	1	29
4703	4360	1	71
4704	4361	1	47
4706	4362	1	60
4707	4363	1	39
4708	4364	2	60
4709	4365	1	61
4710	4366	2	42
4711	4367	1	-9
4712	4368	1	55
4713	4369	2	23
4714	4370	2	23
4715	4371	2	26
4716	4372	2	47
4717	4373	1	60
4718	4374	1	30
4719	4375	2	64
4720	4376	1	72
4722	4377	1	23
4723	4378	1	30
4724	4379	1	34
4726	4380	2	36
4727	4381	2	52
4728	4382	2	54
4730	4383	1	60
4731	4384	2	52
4732	4385	1	23
4733	4386	1	32
4734	4387	1	32
4736	4388	1	43
4737	4389	1	28
4738	4390	1	35
4739	4391	1	53
4740	4392	2	21
4741	4393	2	33
4742	4394	1	41
4743	4395	1	59
4744	4396	1	56
4745	4397	1	30
4746	4398	2	52
4747	4399	2	73
4748	4400	1	32
4749	4401	2	41
4750	4402	2	21
4751	4403	1	46
4752	4404	2	53
4753	4405	1	64
4754	4406	1	64
4755	4407	2	37
4756	4408	2	45
4757	4409	2	36
4758	4410	2	47
4759	4411	2	50
4760	4412	1	21
4761	4413	2	48
4763	4414	1	22
4764	4415	2	56
4765	4416	2	20
4766	4417	1	42
4767	4418	1	53
4768	4419	1	49
4769	4420	2	56
4770	4421	2	69
4771	4422	2	26
4772	4423	1	42
4773	4424	2	52
4774	4425	2	52
4775	4426	2	59
4776	4427	2	39
4778	4428	1	-9
4779	4429	2	61
4780	4430	2	21
4781	4431	1	37
4782	4432	2	69
4783	4433	1	-9
4784	4434	2	23
4785	4435	1	44
4786	4436	2	32
4787	4437	1	44
4788	4438	2	38
4789	4439	2	30
4790	4440	2	29
4791	4441	2	28
4792	4442	2	39
4793	4443	1	23
4794	4444	2	39
4795	4445	1	56
4796	4446	1	44
4797	4447	1	44
4798	4448	2	30
4799	4449	2	-9
4801	4450	2	77
4802	4451	2	67
4803	4452	1	32
4804	4453	2	34
4805	4454	1	55
4806	4455	2	34
4807	4456	2	23
4808	4457	2	41
4809	4458	1	20
4810	4459	2	51
4811	4460	2	77
4812	4461	2	26
4813	4462	1	46
4814	4463	1	21
4815	4464	2	43
4816	4465	2	51
4817	4466	1	41
4818	4467	1	71
4819	4468	1	26
4821	4469	2	53
4822	4470	2	21
4823	4471	1	-9
4824	4472	1	26
4825	4473	2	23
4826	4474	2	32
4827	4475	2	52
4828	4476	1	35
4829	4477	1	34
4830	4478	1	-9
4831	4479	1	64
4832	4480	2	34
4833	4481	1	34
4834	4482	1	54
4835	4483	2	26
4836	4484	2	26
4837	4485	1	54
4838	4486	2	32
4839	4487	2	44
4840	4488	1	52
4841	4489	2	-9
4842	4490	1	32
4843	4491	1	42
4844	4492	1	57
4845	4493	2	55
4846	4494	2	46
4847	4495	2	-9
4848	4496	2	21
4849	4497	1	27
4850	4498	1	47
4851	4499	1	22
4852	4500	1	26
4853	4501	1	31
4854	4502	2	58
4855	4503	2	-9
4856	4504	2	23
4858	4505	2	32
4859	4506	1	68
4860	4507	2	38
4861	4508	2	73
4862	4509	2	32
4863	4510	1	30
4864	4511	1	43
4865	4512	2	66
4866	4513	2	20
4867	4514	1	69
4868	4515	2	65
4869	4516	2	39
4870	4517	2	31
4871	4518	1	-9
4872	4519	1	63
4873	4520	1	71
4874	4521	1	41
4875	4522	1	35
4876	4523	1	27
4877	4524	2	-9
4878	4525	2	35
4880	4526	1	62
4881	4527	1	57
4882	4528	2	48
4883	4529	1	43
4884	4530	1	61
4885	4531	1	45
4886	4532	1	25
4888	4533	2	58
4889	4534	1	44
4890	4535	2	66
4891	4536	2	43
4892	4537	2	41
4893	4538	1	32
4894	4539	1	37
4895	4540	1	55
4896	4541	2	21
4898	4542	1	55
4899	4543	2	23
4900	4544	1	-9
4901	4545	1	41
4902	4546	1	22
4903	4547	1	41
4904	4548	2	52
4905	4549	1	40
4906	4550	2	29
4907	4551	1	23
4908	4552	1	21
4909	4553	2	45
4910	4554	1	59
4911	4555	1	20
4912	4556	2	42
4913	4557	2	22
4914	4558	2	42
4915	4559	1	44
4916	4560	1	53
4917	4561	2	61
4918	4562	2	29
4919	4563	2	71
4920	4564	2	46
4921	4565	2	40
4923	4566	2	26
4924	4567	2	43
4925	4568	1	22
4926	4569	1	37
4927	4570	2	35
4928	4571	1	53
4930	4572	2	62
4931	4573	1	20
4932	4574	2	26
4933	4575	1	43
4934	4576	2	63
4935	4577	2	61
4936	4578	1	25
4937	4579	2	33
4938	4580	1	32
4939	4581	2	38
4940	4582	2	29
4941	4583	1	23
4942	4584	2	64
4943	4585	1	52
4944	4586	1	41
4945	4587	1	-9
4946	4588	1	37
4947	4589	1	35
4948	4590	2	61
4949	4591	2	27
4950	4592	2	27
4951	4593	2	31
4952	4594	1	25
4953	4595	1	20
4954	4596	1	60
4955	4597	2	29
4956	4598	1	62
4957	4599	1	51
4958	4600	2	35
4959	4601	1	61
4960	4602	1	43
4961	4603	1	65
4962	4604	1	58
4963	4605	2	35
4965	4606	1	36
4966	4607	1	46
4967	4608	1	24
4968	4609	1	63
4969	4610	1	32
4970	4611	2	24
4971	4612	1	32
4972	4613	1	42
4973	4614	1	62
4974	4615	2	32
4975	4616	2	52
4976	4617	2	51
4977	4618	1	35
4978	4619	1	43
4979	4620	2	46
4980	4621	2	69
4981	4622	1	31
4982	4623	1	55
4983	4624	1	55
4984	4625	1	41
4985	4626	2	42
4986	4627	1	61
4987	4628	2	36
4988	4629	1	57
4989	4630	1	55
4990	4631	1	39
4991	4632	1	45
4992	4633	2	47
4993	4634	1	32
4994	4635	2	39
4995	4636	2	40
4996	4637	2	27
4997	4638	2	42
4998	4639	1	-9
4999	4640	2	22
5000	4641	2	35
5001	4642	1	47
5002	4643	2	21
5003	4644	1	61
5004	4645	1	34
5005	4646	2	29
5006	4647	2	53
5007	4648	2	21
5008	4649	2	40
5009	4650	1	21
5010	4651	1	31
5011	4652	1	43
5012	4653	2	-9
5013	4654	2	39
5014	4655	1	26
5015	4656	2	58
5016	4657	2	59
5017	4658	2	25
5018	4659	2	62
5019	4660	1	46
5020	4661	2	56
5021	4662	1	27
5022	4663	2	24
5023	4664	1	54
5024	4665	1	62
5025	4666	1	58
5026	4667	1	56
5028	4668	2	60
5029	4669	2	39
5030	4670	1	41
5031	4671	1	50
5033	4672	1	26
5034	4673	1	52
5035	4674	1	24
5036	4675	2	27
5037	4676	2	37
5038	4677	1	63
5039	4678	1	23
5041	4679	1	64
5042	4680	2	-9
5043	4681	1	20
5044	4682	1	35
5045	4683	1	37
5046	4684	1	-9
5047	4685	2	64
5048	4686	1	24
5049	4687	2	21
5051	4688	1	42
5052	4689	1	27
5053	4690	1	52
5054	4691	1	55
5055	4692	2	35
5056	4693	1	32
5057	4694	2	43
5058	4695	1	58
5059	4696	1	63
5060	4697	1	43
5061	4698	2	66
5062	4699	2	32
5063	4700	1	33
5064	4701	1	26
5065	4702	2	75
5066	4703	2	38
5067	4704	1	67
5068	4705	1	57
5069	4706	1	33
5070	4707	2	-9
5071	4708	2	55
5072	4709	2	62
5073	4710	2	62
5074	4711	2	32
5075	4712	1	34
5076	4713	2	-9
5077	4714	1	37
5078	4715	2	74
5079	4716	2	43
5080	4717	2	50
5081	4718	1	33
5082	4719	2	-9
5083	4720	2	62
5084	4721	2	29
5085	4722	1	22
5086	4723	1	20
5088	4724	1	32
5089	4725	1	26
5090	4726	1	61
5091	4727	1	21
5092	4728	1	21
5093	4729	2	54
5094	4730	1	76
5095	4731	2	20
5096	4732	2	-9
5097	4733	2	67
5098	4734	2	21
5100	4735	1	21
5101	4736	2	27
5102	4737	1	58
5103	4738	1	32
5104	4739	2	35
5105	4740	2	53
5106	4741	1	41
5108	4742	1	56
5109	4743	2	20
5110	4744	2	75
5111	4745	2	24
5112	4746	2	32
5113	4747	1	-9
5114	4748	1	55
5115	4749	2	51
5116	4750	2	35
5117	4751	2	28
5118	4752	2	-9
5119	4753	1	29
5121	4754	2	56
5122	4755	2	28
5123	4756	2	-9
5124	4757	1	44
5125	4758	2	46
5126	4759	1	28
5127	4760	2	22
5128	4761	2	62
5129	4762	1	-9
5130	4763	1	25
5131	4764	2	61
5132	4765	1	24
5133	4766	2	32
5136	4767	1	32
5137	4768	1	29
5138	4769	1	35
5140	4770	2	30
5141	4771	1	39
5142	4772	2	40
5143	4773	2	26
5144	4774	1	35
5145	4775	2	47
5146	4776	2	20
5147	4777	1	48
5148	4778	2	24
5149	4779	1	58
5150	4780	2	54
5151	4781	2	53
5152	4782	1	38
5153	4783	2	24
5154	4784	2	21
5155	4785	1	51
5156	4786	2	62
5157	4787	2	60
5158	4788	1	27
5159	4789	1	32
5162	4790	2	61
5164	4791	1	32
5165	4792	2	20
5167	4793	2	31
5168	4794	1	32
5169	4795	1	38
5170	4796	1	22
5171	4797	2	57
5175	4798	1	50
5176	4799	2	47
5177	4800	2	31
5180	4801	2	54
5181	4802	2	61
5182	4803	1	34
5183	4804	2	65
5184	4805	2	41
5185	4806	1	32
5186	4807	2	32
5187	4808	2	47
5188	4809	1	54
5189	4810	2	37
5190	4811	2	50
5191	4812	1	50
5192	4813	2	68
5193	4814	2	41
5194	4815	1	34
5195	4816	2	74
5196	4817	1	29
5197	4818	2	66
5198	4819	1	30
5199	4820	1	45
5200	4821	2	55
5201	4822	2	68
5202	4823	2	41
5203	4824	2	21
5204	4825	2	47
5206	4826	2	55
5207	4827	2	53
5208	4828	1	69
5209	4829	1	21
5210	4830	1	30
5211	4831	2	40
5212	4832	1	27
5213	4833	1	22
5214	4834	1	50
5215	4835	2	30
5217	4836	2	27
5218	4837	1	45
5219	4838	1	70
5220	4839	1	52
5221	4840	2	49
5222	4841	2	60
5224	4842	2	28
5225	4843	1	35
5226	4844	1	24
5227	4845	1	66
5228	4846	2	55
5229	4847	1	48
5230	4848	1	66
5231	4849	1	22
5232	4850	2	69
5233	4851	1	33
5234	4852	2	61
5235	4853	2	45
5236	4854	1	57
5238	4855	2	-9
5239	4856	2	26
5240	4857	2	28
5241	4858	2	56
5242	4859	1	26
5243	4860	2	33
5244	4861	2	26
5245	4862	2	24
5246	4863	1	23
5247	4864	1	41
5248	4865	1	25
5249	4866	2	38
5250	4867	1	35
5251	4868	1	34
5252	4869	2	52
5253	4870	1	46
5254	4871	2	-9
5255	4872	1	43
5256	4873	1	29
5257	4874	1	39
5258	4875	2	21
5259	4876	1	57
5260	4877	2	26
5261	4878	1	58
5262	4879	2	53
5263	4880	1	24
5264	4881	2	32
5265	4882	1	-9
5266	4883	2	38
5267	4884	2	33
5268	4885	2	20
5270	4886	2	30
5271	4887	2	33
5272	4888	2	44
5273	4889	1	49
5274	4890	1	40
5275	4891	1	44
5276	4892	1	43
5277	4893	1	62
5278	4894	2	54
5279	4895	2	63
5280	4896	2	59
5281	4897	1	62
5282	4898	1	31
5283	4899	1	37
5284	4900	1	50
5285	4901	1	30
5286	4902	1	20
5287	4903	2	25
5288	4904	2	27
5289	4905	1	31
5290	4906	2	24
5291	4907	2	20
5292	4908	2	27
5293	4909	1	76
5294	4910	1	40
5295	4911	2	61
5296	4912	1	25
5297	4913	2	66
5298	4914	1	29
5299	4915	1	37
5300	4916	1	38
5301	4917	2	24
5302	4918	2	-9
5303	4919	2	42
5304	4920	1	35
5305	4921	1	65
5306	4922	1	30
5307	4923	1	44
5308	4924	1	45
5309	4925	2	52
5310	4926	1	38
5311	4927	2	44
5312	4928	2	26
5313	4929	1	47
5314	4930	2	37
5315	4931	2	-9
5316	4932	1	29
5317	4933	2	46
5318	4934	2	22
5319	4935	1	20
5320	4936	1	28
5321	4937	1	37
5322	4938	1	76
5323	4939	2	48
5324	4940	1	57
5325	4941	1	37
5326	4942	2	24
5327	4943	1	32
5328	4944	2	22
5329	4945	2	-9
5330	4946	2	25
5331	4947	1	62
5332	4948	1	28
5333	4949	2	44
5334	4950	1	52
5335	4951	2	38
5337	4952	1	60
5339	4953	1	-9
5340	4954	2	41
5341	4955	2	29
5342	4956	2	42
5343	4957	1	55
5344	4958	2	49
5345	4959	2	32
5346	4960	1	-9
5348	4961	1	27
5349	4962	2	70
5350	4963	1	-9
5351	4964	1	71
5352	4965	2	35
5353	4966	1	39
5354	4967	2	50
5356	4968	1	47
5357	4969	2	-9
5358	4970	2	56
5359	4971	1	27
5360	4972	1	38
5361	4973	2	50
5362	4974	1	49
5363	4975	2	59
5364	4976	1	-9
5365	4977	1	54
5366	4978	2	45
5367	4979	1	33
5368	4980	2	52
5369	4981	2	40
5370	4982	2	58
5372	4983	1	28
5373	4984	1	62
5374	4985	1	22
5375	4986	2	32
5376	4987	1	20
5377	4988	1	49
5378	4989	2	-9
5379	4990	1	48
5380	4991	2	43
5381	4992	1	72
5382	4993	1	32
5383	4994	2	28
5384	4995	2	36
5385	4996	1	49
5386	4997	2	38
5387	4998	1	32
5388	4999	1	32
5389	5000	2	51
5390	5001	2	49
5391	5002	2	55
5392	5003	2	22
5393	5004	1	66
5394	5005	1	48
5395	5006	2	36
5396	5007	2	57
5397	5008	2	67
5399	5009	2	57
5400	5010	1	44
5401	5011	1	27
5402	5012	2	25
5403	5013	2	42
5404	5014	1	61
5405	5015	1	57
5406	5016	1	26
5407	5017	2	62
5408	5018	2	24
5409	5019	2	51
5410	5020	2	47
5411	5021	2	30
5412	5022	2	34
5413	5023	1	27
5414	5024	2	70
5416	5025	2	51
5417	5026	2	57
5418	5027	2	53
5420	5028	1	59
5421	5029	2	35
5423	5030	2	39
5424	5031	1	21
5425	5032	1	53
5426	5033	1	53
5427	5034	1	55
5428	5035	1	53
5430	5036	1	38
5431	5037	2	69
5432	5038	1	27
5433	5039	1	58
5434	5040	2	69
5435	5041	1	-9
5436	5042	2	-9
5437	5043	1	45
5438	5044	2	27
5439	5045	2	-9
5440	5046	2	56
5441	5047	2	54
5442	5048	1	27
5443	5049	1	29
5444	5050	2	56
5445	5051	2	70
5446	5052	2	36
5447	5053	1	52
5448	5054	1	55
5449	5055	2	55
5450	5056	1	29
5451	5057	1	23
5452	5058	2	57
5453	5059	2	57
5454	5060	1	37
5455	5061	2	75
5456	5062	2	42
5458	5063	2	30
5459	5064	2	51
5460	5065	1	30
5461	5066	2	35
5462	5067	1	51
5463	5068	2	66
5464	5069	2	64
5465	5070	2	58
5466	5071	1	51
5467	5072	2	22
5468	5073	2	38
5469	5074	1	69
5470	5075	2	-9
5471	5076	1	21
5472	5077	1	49
5473	5078	1	62
5474	5079	1	55
5475	5080	2	65
5477	5081	2	21
5478	5082	2	42
5479	5083	1	50
5480	5084	2	33
5481	5085	1	70
5482	5086	1	26
5483	5087	1	68
5484	5088	1	35
5485	5089	2	21
5486	5090	2	23
5487	5091	1	54
5488	5092	1	35
5489	5093	2	-9
5490	5094	1	21
5491	5095	2	36
5492	5096	2	31
5493	5097	2	56
5494	5098	1	48
5495	5099	2	32
5496	5100	1	36
5497	5101	2	25
5498	5102	1	51
5499	5103	2	56
5500	5104	2	28
5501	5105	1	54
5502	5106	1	23
5503	5107	1	45
5504	5108	2	-9
5505	5109	1	23
5506	5110	1	32
5507	5111	1	28
5508	5112	1	39
5509	5113	2	62
5510	5114	2	68
5511	5115	1	55
5512	5116	2	41
5513	5117	2	52
5514	5118	2	45
5515	5119	1	30
5516	5120	1	42
5517	5121	2	32
5518	5122	2	48
5519	5123	2	52
5520	5124	1	35
5521	5125	2	39
5522	5126	2	49
5523	5127	2	33
5524	5128	1	25
5525	5129	1	27
5527	5130	2	25
5528	5131	2	36
5529	5132	1	59
5530	5133	1	56
5531	5134	2	41
5532	5135	2	52
5533	5136	1	25
5534	5137	1	31
5535	5138	1	28
5536	5139	1	69
5537	5140	2	20
5538	5141	2	55
5540	5142	2	48
5541	5143	1	52
5542	5144	2	29
5543	5145	1	51
5544	5146	2	34
5545	5147	2	61
5546	5148	1	53
5547	5149	2	32
5548	5150	2	25
5549	5151	2	56
5550	5152	2	51
5552	5153	2	41
5553	5154	1	40
5554	5155	2	25
5555	5156	1	-9
5556	5157	2	49
5557	5158	1	34
5558	5159	2	66
5559	5160	1	66
5560	5161	1	61
5561	5162	1	35
5562	5163	1	40
5563	5164	2	53
5564	5165	2	-9
5565	5166	2	34
5568	5167	1	61
5569	5168	1	35
5570	5169	2	64
5571	5170	2	30
5572	5171	1	33
5573	5172	1	44
5574	5173	2	29
5575	5174	1	34
5576	5175	1	52
5577	5176	1	28
5578	5177	1	-9
5579	5178	2	32
5580	5179	2	53
5582	5180	1	21
5583	5181	1	59
5584	5182	2	27
5585	5183	1	23
5586	5184	1	28
5587	5185	2	-9
5588	5186	1	45
5589	5187	2	53
5591	5188	1	44
5592	5189	2	-9
5593	5190	2	45
5594	5191	1	46
5595	5192	1	61
5596	5193	2	76
5598	5194	2	51
5599	5195	1	33
5600	5196	1	32
5601	5197	2	50
5602	5198	1	28
5603	5199	1	59
5605	5200	1	60
5606	5201	1	46
5607	5202	1	52
5608	5203	2	20
5609	5204	2	59
5610	5205	1	69
5611	5206	2	26
5612	5207	2	42
5613	5208	1	54
5614	5209	2	63
5615	5210	2	27
5616	5211	1	61
5618	5212	1	43
5619	5213	2	25
5620	5214	2	44
5621	5215	2	45
5622	5216	2	40
5623	5217	1	53
5624	5218	2	28
5625	5219	2	57
5626	5220	1	51
5627	5221	1	28
5628	5222	1	38
5629	5223	2	25
5630	5224	2	75
5631	5225	1	43
5632	5226	2	40
5633	5227	2	56
5634	5228	2	28
5635	5229	1	32
5636	5230	2	40
5637	5231	1	29
5638	5232	1	52
5639	5233	1	30
5640	5234	2	29
5641	5235	1	26
5642	5236	2	52
5643	5237	2	50
5644	5238	2	55
5645	5239	1	32
5646	5240	2	46
5647	5241	2	34
5648	5242	1	54
5650	5243	2	51
5651	5244	1	25
5652	5245	1	40
5653	5246	1	53
5655	5247	1	33
5656	5248	1	35
5657	5249	1	51
5658	5250	2	31
5659	5251	1	30
5660	5252	1	58
5661	5253	1	33
5662	5254	1	-9
5663	5255	2	52
5664	5256	1	74
5665	5257	1	43
5666	5258	1	60
5667	5259	2	-9
5668	5260	1	39
5669	5261	1	-9
5670	5262	1	49
5671	5263	2	28
5672	5264	1	69
5673	5265	2	26
5674	5266	2	21
5675	5267	2	77
5676	5268	2	35
5677	5269	1	52
5678	5270	2	39
5679	5271	1	27
5680	5272	2	22
5681	5273	2	25
5682	5274	1	27
5683	5275	1	61
5684	5276	1	57
5685	5277	1	48
5686	5278	2	37
5687	5279	1	29
5688	5280	2	28
5689	5281	2	-9
5691	5282	2	28
5692	5283	1	32
5693	5284	2	44
5694	5285	1	56
5695	5286	1	64
5696	5287	2	50
5697	5288	2	43
5699	5289	2	32
5700	5290	1	32
5701	5291	1	25
5702	5292	2	47
5703	5293	2	47
5704	5294	1	35
5705	5295	1	53
5706	5296	2	63
5708	5297	2	29
5709	5298	2	52
5710	5299	1	72
5711	5300	2	-9
5715	5301	1	45
5716	5302	1	-9
5717	5303	2	54
5720	5304	1	27
5722	5305	1	34
5723	5306	2	74
5727	5307	1	50
5728	5308	2	29
5729	5309	1	23
5732	5310	2	75
5733	5311	1	30
5734	5312	1	42
5735	5313	1	56
5737	5314	1	53
5738	5315	2	71
5739	5316	1	25
5740	5317	1	32
5741	5318	2	37
5742	5319	1	27
5743	5320	1	42
5744	5321	1	42
5745	5322	1	21
5746	5323	2	66
5747	5324	1	57
5748	5325	2	30
5750	5326	2	39
5751	5327	1	47
5752	5328	2	48
5753	5329	2	35
5754	5330	2	48
5755	5331	1	23
5756	5332	2	49
5757	5333	1	22
5758	5334	2	56
5759	5335	1	43
5760	5336	2	56
5761	5337	1	56
5762	5338	2	49
5763	5339	1	36
5764	5340	2	48
5765	5341	2	41
5766	5342	2	-9
5767	5343	2	50
5768	5344	2	24
5769	5345	1	27
5770	5346	1	48
5771	5347	1	46
5772	5348	1	56
5773	5349	2	-9
5774	5350	1	30
5775	5351	1	50
5776	5352	1	20
5777	5353	2	76
5779	5354	1	31
5780	5355	1	35
5781	5356	1	49
5782	5357	1	38
5783	5358	1	42
5784	5359	1	58
5785	5360	1	-9
5787	5361	2	60
5788	5362	2	55
5789	5363	2	55
5790	5364	2	46
5791	5365	2	41
5792	5366	2	43
5793	5367	2	26
5794	5368	1	56
5795	5369	1	35
5796	5370	2	28
5798	5371	2	35
5799	5372	2	23
5800	5373	1	26
5801	5374	1	27
5802	5375	2	76
5803	5376	2	31
5804	5377	1	33
5805	5378	1	31
5806	5379	1	36
5807	5380	2	27
5808	5381	2	-9
5809	5382	2	49
5810	5383	2	51
5811	5384	1	59
5812	5385	1	-9
5814	5386	1	-9
5815	5387	1	22
5816	5388	2	60
5817	5389	1	35
5818	5390	2	52
5819	5391	2	23
5820	5392	1	59
5821	5393	1	38
5822	5394	1	55
5823	5395	2	24
5824	5396	2	49
5825	5397	2	37
5826	5398	1	29
5827	5399	1	38
5828	5400	1	76
5829	5401	1	52
5830	5402	1	52
5831	5403	1	44
5832	5404	2	52
5833	5405	1	63
5834	5406	2	39
5835	5407	2	67
5836	5408	1	48
5837	5409	2	24
5838	5410	1	23
5839	5411	1	36
5840	5412	1	27
5841	5413	2	29
5842	5414	1	53
5843	5415	1	33
5845	5416	2	67
5846	5417	2	65
5847	5418	1	41
5848	5419	2	37
5849	5420	2	31
5850	5421	2	73
5851	5422	2	57
5852	5423	1	32
5853	5424	1	61
5854	5425	1	58
5855	5426	1	20
5856	5427	1	23
5857	5428	2	40
5858	5429	1	31
5859	5430	1	59
5860	5431	1	68
5861	5432	2	31
5863	5433	2	23
5864	5434	1	51
5865	5435	1	38
5866	5436	1	61
5867	5437	1	63
5869	5438	2	66
5870	5439	1	61
5871	5440	2	32
5872	5441	2	40
5873	5442	1	49
5874	5443	2	-9
5875	5444	1	58
5876	5445	2	41
5877	5446	2	43
5878	5447	1	24
5879	5448	1	38
5880	5449	1	53
5881	5450	1	50
5882	5451	1	74
5883	5452	1	32
5884	5453	1	21
5885	5454	2	35
5886	5455	1	22
5887	5456	2	66
5888	5457	2	24
5891	5458	1	31
5892	5459	1	54
5893	5460	1	32
5894	5461	2	61
5895	5462	1	-9
5896	5463	2	40
5897	5464	2	25
5898	5465	1	29
5899	5466	2	67
5900	5467	1	50
5901	5468	2	57
5902	5469	1	25
5903	5470	1	56
5904	5471	1	42
5905	5472	2	56
5906	5473	2	30
5907	5474	2	30
5908	5475	2	36
5909	5476	2	50
5911	5477	1	45
5913	5478	2	52
5914	5479	2	47
5915	5480	1	74
5916	5481	1	43
5917	5482	2	20
5918	5483	2	40
5920	5484	1	38
5921	5485	2	66
5922	5486	2	21
5923	5487	1	22
5924	5488	2	71
5925	5489	1	36
5926	5490	2	24
5927	5491	2	48
5928	5492	2	40
5929	5493	1	57
5930	5494	2	65
5931	5495	1	35
5932	5496	1	52
5934	5497	2	56
5935	5498	1	31
5936	5499	1	52
5937	5500	1	25
5938	5501	1	64
5939	5502	2	40
5940	5503	1	-9
5941	5504	2	49
5942	5505	2	59
5943	5506	2	26
5944	5507	2	33
5945	5508	1	47
5946	5509	1	31
5947	5510	2	59
5948	5511	2	53
5949	5512	2	58
5950	5513	1	57
5951	5514	1	62
5952	5515	2	28
5953	5516	2	49
5954	5517	2	50
5955	5518	2	62
5956	5519	2	36
5957	5520	2	-9
5958	5521	1	37
5959	5522	1	72
5960	5523	1	57
5961	5524	1	31
5962	5525	1	-9
5963	5526	1	38
5964	5527	2	37
5965	5528	2	47
5966	5529	1	25
5967	5530	2	-9
5968	5531	1	34
5969	5532	2	40
5971	5533	2	47
5972	5534	1	37
5973	5535	2	29
5974	5536	2	28
5975	5537	2	42
5976	5538	2	29
5977	5539	2	24
5978	5540	2	77
5980	5541	2	52
5981	5542	2	48
5982	5543	1	62
5983	5544	2	37
5984	5545	2	54
5985	5546	1	60
5986	5547	1	35
5987	5548	2	54
5988	5549	1	31
5989	5550	1	21
5990	5551	2	40
5991	5552	1	20
5992	5553	2	53
5993	5554	1	25
5994	5555	2	32
5995	5556	1	53
5997	5557	2	67
5998	5558	1	59
5999	5559	1	32
6000	5560	2	-9
6001	5561	1	51
6002	5562	2	-9
6003	5563	1	56
6004	5564	2	61
6005	5565	1	49
6006	5566	2	37
6007	5567	1	44
6008	5568	1	-9
6009	5569	1	-9
6010	5570	2	51
6011	5571	1	61
6012	5572	1	51
6013	5573	1	32
6014	5574	1	-9
6015	5575	1	30
6016	5576	2	49
6017	5577	2	23
6018	5578	2	32
6019	5579	1	24
6020	5580	1	55
6021	5581	2	30
6022	5582	1	26
6023	5583	1	30
6024	5584	1	20
6025	5585	1	38
6026	5586	2	50
6027	5587	2	37
6028	5588	1	47
6029	5589	1	46
6030	5590	1	55
6031	5591	2	29
6032	5592	2	62
6033	5593	2	40
6034	5594	2	44
6035	5595	1	47
6036	5596	1	53
6037	5597	2	31
6038	5598	1	53
6039	5599	2	47
6040	5600	2	25
6041	5601	1	62
6042	5602	2	26
6043	5603	1	55
6044	5604	2	39
6045	5605	2	32
6046	5606	1	37
6047	5607	2	61
6048	5608	2	56
6049	5609	1	54
6050	5610	2	42
6051	5611	1	77
6052	5612	1	67
6053	5613	2	38
6054	5614	1	43
6055	5615	1	32
6056	5616	1	61
6057	5617	2	43
6058	5618	1	58
6059	5619	1	25
6060	5620	1	33
6061	5621	1	67
6062	5622	1	31
6063	5623	2	74
6064	5624	2	31
6065	5625	1	23
6066	5626	1	45
6067	5627	1	50
6068	5628	2	28
6069	5629	2	56
6070	5630	1	52
6071	5631	1	42
6072	5632	2	66
6073	5633	2	-9
6074	5634	1	77
6075	5635	1	20
6076	5636	2	30
6077	5637	1	57
6078	5638	2	37
6079	5639	2	34
6080	5640	2	53
6081	5641	2	54
6082	5642	1	36
6083	5643	2	38
6084	5644	2	22
6085	5645	1	52
6086	5646	2	32
6087	5647	2	56
6088	5648	1	47
6089	5649	1	49
6090	5650	2	32
6091	5651	2	25
6092	5652	1	-9
6093	5653	2	-9
6094	5654	2	44
6095	5655	2	34
6096	5656	1	22
6097	5657	1	62
6098	5658	2	23
6099	5659	2	24
6100	5660	1	34
6101	5661	1	38
6102	5662	2	22
6103	5663	2	57
6104	5664	2	56
6105	5665	1	51
6106	5666	2	37
6107	5667	1	67
6108	5668	1	33
6109	5669	1	32
6110	5670	1	64
6111	5671	2	52
6112	5672	2	39
6113	5673	1	25
6114	5674	2	57
6115	5675	2	77
6116	5676	1	36
6117	5677	1	68
6118	5678	1	52
6119	5679	2	70
6120	5680	2	24
6121	5681	1	33
6122	5682	2	26
6123	5683	2	42
6124	5684	2	55
6125	5685	2	57
6126	5686	2	64
6127	5687	1	60
6128	5688	1	46
6129	5689	1	53
6130	5690	2	54
6131	5691	1	30
6132	5692	1	39
6133	5693	1	20
6134	5694	2	20
6135	5695	1	52
6136	5696	2	41
6137	5697	2	54
6138	5698	1	44
6139	5699	1	23
6140	5700	1	55
6141	5701	1	37
6142	5702	1	57
6143	5703	1	60
6144	5704	1	51
6145	5705	2	26
6146	5706	1	32
6147	5707	1	62
6148	5708	2	52
6149	5709	2	23
6150	5710	1	42
6151	5711	2	29
6152	5712	2	22
6153	5713	2	43
6154	5714	1	41
6155	5715	2	27
6156	5716	1	52
6157	5717	2	25
6158	5718	2	62
6159	5719	2	50
6160	5720	2	45
6161	5721	1	24
6162	5722	2	38
6163	5723	2	54
6164	5724	1	40
6165	5725	2	40
6166	5726	1	51
6168	5727	1	-9
6169	5728	2	62
6170	5729	1	47
6171	5730	2	27
6172	5731	1	41
6173	5732	2	51
6174	5733	1	43
6175	5734	1	30
6176	5735	1	59
6177	5736	1	49
6178	5737	2	33
6179	5738	1	22
6180	5739	2	22
6181	5740	2	-9
6182	5741	1	43
6183	5742	1	27
6184	5743	2	47
6185	5744	2	20
6186	5745	1	45
6187	5746	2	29
6188	5747	2	51
6189	5748	2	36
6190	5749	2	48
6191	5750	2	39
6192	5751	1	48
6193	5752	1	55
6194	5753	2	63
6195	5754	2	43
6196	5755	2	20
6197	5756	1	-9
6198	5757	2	24
6199	5758	2	63
6200	5759	2	49
6201	5760	2	38
6202	5761	2	22
6203	5762	2	68
6204	5763	1	32
6205	5764	2	-9
6206	5765	1	39
6207	5766	1	48
6208	5767	1	41
6209	5768	2	52
6210	5769	2	47
6211	5770	2	53
6212	5771	2	53
6213	5772	1	32
6214	5773	2	24
6215	5774	1	56
6216	5775	1	47
6217	5776	2	38
6218	5777	2	67
6219	5778	1	67
6220	5779	1	72
6221	5780	2	46
6222	5781	1	36
6223	5782	2	28
6224	5783	2	21
6225	5784	2	63
6226	5785	1	40
6227	5786	1	31
6228	5787	2	25
6229	5788	2	22
6230	5789	1	59
6231	5790	1	21
6232	5791	2	35
6233	5792	2	25
6234	5793	1	64
6235	5794	1	24
6236	5795	1	61
6237	5796	1	50
6238	5797	2	-9
6239	5798	1	34
6240	5799	2	69
6241	5800	1	25
6242	5801	2	70
6243	5802	2	58
6244	5803	1	33
6245	5804	1	41
6246	5805	1	50
6247	5806	2	23
6248	5807	2	59
6249	5808	1	40
6250	5809	1	24
6251	5810	2	52
6252	5811	2	67
6253	5812	1	29
6254	5813	2	43
6255	5814	1	50
6256	5815	2	22
6257	5816	1	62
6258	5817	1	57
6259	5818	2	32
6260	5819	1	55
6261	5820	2	63
6262	5821	2	52
6263	5822	1	25
6266	5823	1	28
6267	5824	2	66
6268	5825	1	71
6269	5826	2	28
6272	5827	1	51
6273	5828	1	32
6274	5829	1	22
6275	5830	2	24
6276	5831	1	45
6278	5832	2	30
6279	5833	1	28
6280	5834	2	41
6281	5835	2	66
6283	5836	2	36
6284	5837	2	27
6285	5838	1	54
6286	5839	1	21
6287	5840	2	27
6288	5841	2	20
6289	5842	1	53
6290	5843	2	45
6291	5844	2	43
6292	5845	2	36
6293	5846	2	-9
6294	5847	1	40
6295	5848	2	43
6296	5849	1	69
6297	5850	2	31
6298	5851	2	44
6299	5852	2	46
6300	5853	2	57
6301	5854	1	64
6302	5855	2	32
6303	5856	2	41
6304	5857	1	27
6305	5858	2	52
6306	5859	1	37
6307	5860	1	44
6308	5861	1	42
6309	5862	1	29
6310	5863	1	48
6311	5864	2	36
6312	5865	2	53
6313	5866	2	62
6314	5867	2	29
6315	5868	1	22
6316	5869	1	58
6317	5870	1	-9
6318	5871	1	61
6319	5872	1	22
6320	5873	2	72
6321	5874	2	29
6322	5875	1	62
6323	5876	1	29
6324	5877	1	56
6325	5878	2	63
6326	5879	1	69
6327	5880	1	66
6328	5881	2	71
6329	5882	2	37
6330	5883	2	43
6331	5884	1	51
6332	5885	2	73
6333	5886	1	35
6334	5887	2	33
6335	5888	1	22